# Frame list with one line of data per frame:
#   FRAME_ID, RIG_ID, RIG_FROM_WORLD[QW, QX, QY, QZ, TX, TY, TZ], NUM_DATA_IDS, DATA_IDS[] as (SENSOR_TYPE, SENSOR_ID, DATA_ID)
# Number of frames: 38
3 1 0.64066767750483855 -0.76428164403285259 -0.0713115446872509 0.018252648830092533 -0.84960282894131423 -3.2929975442470902 3.1811605251660144 1 CAMERA 1 3
6 1 0.71253977876826324 -0.70037392477507088 -0.033235494545365084 0.025667704812914256 -0.5993627322679933 -3.3000377384568815 2.9137342567909101 1 CAMERA 1 6
7 1 0.69792504790352283 -0.71553667653899378 -0.02845927027134067 0.0098975740471833832 -0.76394972287093987 -3.3093726794148779 2.9954440112253091 1 CAMERA 1 7
8 1 0.67976507936343078 -0.73209663511402223 -0.044057704533353642 0.0035878132625161673 -0.89013940323918095 -3.3081875996172481 3.0470110806501345 1 CAMERA 1 8
9 1 0.71211913320720088 -0.70029594966613051 -0.03842973857591285 0.031544860031775666 -0.59132419530800473 -3.0410979407123127 2.9493485159997408 1 CAMERA 1 9
10 1 0.73002832928175165 -0.68183837614549403 -0.038069991661420589 0.026565823839470024 -0.76016080027745248 -2.8524500774351926 2.5548486857520962 1 CAMERA 1 10
11 1 0.73011904615990619 -0.68167015477798898 -0.038100104824122426 0.028290643893206041 -0.70258204049810524 -2.9789722630883695 2.6458943765685636 1 CAMERA 1 11
12 1 0.73013323519660378 -0.68174272345564513 -0.039662444034227098 0.023647587823125298 -0.82444788480274744 -2.8401011549321131 2.5032489137790508 1 CAMERA 1 12
13 1 0.73218857779389857 -0.67958035748235301 -0.039653527202695708 0.022316407701298613 -0.82829083065633669 -2.8661205754848496 2.4868104777825812 1 CAMERA 1 13
14 1 0.72019995363181022 -0.69206082414252967 -0.03844176879913766 0.02976697645873325 -0.63732546092657494 -3.0149594533187081 2.8631491531248425 1 CAMERA 1 14
15 1 0.73309067044194987 -0.67873167168430582 -0.037616935162775755 0.022053411358785826 -0.8333123239975484 -2.893240487597879 2.5145119676768175 1 CAMERA 1 15
16 1 0.73212156893177605 -0.67995860304715006 -0.040242447738130481 -0.0059035452981307125 -0.81868167483638188 -2.8881661390761741 2.4973462832178468 1 CAMERA 1 16
17 1 -0.49342404902197518 0.52425218984242439 0.18977323602996884 0.66759154292044176 0.6002961197320843 -2.8943639156450987 2.4572032212693964 1 CAMERA 1 17
18 1 -0.10552668964266702 0.1955580466249088 0.234651390610809 0.94634026283241479 0.91259601037386739 -3.5446424061911608 3.3610513263049668 1 CAMERA 1 18
19 1 0.13461744505632456 -0.022047333783301912 0.2239338126309825 0.96501072850000336 0.5055198436269519 -3.8450325475398226 3.7903654955343145 1 CAMERA 1 19
20 1 0.20367435653503543 -0.085272660972900038 0.21625543142059922 0.95104096555391904 0.34025783208654642 -3.9139467521594624 3.8710467287385324 1 CAMERA 1 20
21 1 0.73920777872511212 -0.66825632396724588 -0.017861914513094969 0.081769782682823519 -0.92554524807279615 -3.022100725694834 2.5880576352536075 1 CAMERA 1 21
22 1 0.54614940580389171 -0.43946897557971154 0.14366970720418337 0.69853193289558313 -0.73228914848485793 -3.8273719655543337 3.8212240614204558 1 CAMERA 1 22
23 1 0.53665211336552476 -0.54992233446097016 -0.17362777041887223 -0.61598971795045765 0.49317667765343853 -2.9203729784483201 2.3554692685151055 1 CAMERA 1 23
24 1 0.66385155723638523 -0.6426086728503555 -0.11743733665409309 -0.36409294897309474 -0.099488356279985798 -2.7782129310145587 2.1942218747580156 1 CAMERA 1 24
25 1 0.54922406441442873 -0.5604899408346834 -0.16791293647499861 -0.596665064383337 0.47108538405167544 -2.8828366407698174 2.3023168121494559 1 CAMERA 1 25
26 1 0.53548612072208823 -0.54950811268061117 -0.17453932004372677 -0.61711544655021833 0.4706394750001508 -2.9178389064741119 2.3775136587766896 1 CAMERA 1 26
27 1 0.97787996966038249 -0.16796953965718972 -0.12446871532026885 -0.0066736489931062196 -0.31591997027506713 1.1370904263909971 1.6359450151669086 1 CAMERA 1 27
28 1 0.98058998546681275 -0.15073724016787682 -0.12533892265404642 0.0034233458327823283 -0.3623175946118618 1.3986694664448709 1.79952090918351 1 CAMERA 1 28
29 1 0.98401668766566164 -0.12432259266116864 -0.12749203881722956 -0.00091180465622666144 -0.37362597608834669 1.4770673004842869 1.9809133920916457 1 CAMERA 1 29
30 1 0.97755945483915685 -0.16861284184978326 -0.12617988850924408 -0.0050850323209726388 -0.30285929578857068 1.1866488484543436 1.6797470624441773 1 CAMERA 1 30
31 1 0.98719383933186133 -0.10003470531222221 -0.12370648992002611 -0.01175098591533826 -0.39406584838572339 1.6526136684188564 2.2459944122931068 1 CAMERA 1 31
32 1 0.99007283458288498 -0.075470829620097615 -0.1170133995053861 -0.019178123830511529 -0.35096198262423489 1.7460088927021846 2.5245480079443445 1 CAMERA 1 32
33 1 0.99317634031703139 -0.053051097726638088 -0.10144521291501234 -0.022253243383712557 -0.39417043594089063 1.8075859138841577 2.7572245537744107 1 CAMERA 1 33
34 1 0.99424689278596823 -0.033578189265536428 -0.098196612364471303 -0.026515028026333192 -0.31779405535167099 1.8693626395842373 2.9171133504911499 1 CAMERA 1 34
35 1 0.99435197416284116 -0.029753356639346515 -0.10011446374797209 -0.01886752224348643 -0.37946610865857117 1.9106391520514971 2.8919107300970417 1 CAMERA 1 35
36 1 0.9943158129331352 -0.03230739732008947 -0.099714827147479951 -0.018688217584043331 -0.39795413299468041 1.9734522793039024 2.8696129501828027 1 CAMERA 1 36
37 1 0.99451430101841676 -0.031930579783769501 -0.097260507908819988 -0.021497366020996882 -0.37730526392367991 1.9994560239782517 2.8680434550457661 1 CAMERA 1 37
38 1 0.99465178544841526 -0.031475904916577001 -0.095812646588285366 -0.022294166674507759 -0.38523479589935672 2.0100137938448639 2.8443790961703024 1 CAMERA 1 38
39 1 0.99614428766612195 -0.030691418169162654 -0.080676095693139466 -0.01568319433762461 -0.53680599620441383 1.9988868723087305 2.8637372731795883 1 CAMERA 1 39
40 1 0.89776086064022464 -0.033522682670731496 -0.39625402162531442 -0.18943182730165883 2.1996400115732935 1.7205630424147211 3.4483333749596916 1 CAMERA 1 40
44 1 0.90450787647076425 -0.021749135421982237 0.36905600096358421 0.21257973718939438 -3.5521715761670389 0.95833945716215863 4.9894215398475428 1 CAMERA 1 44
45 1 0.9172177179416624 -0.036263444728459389 -0.35694753471937879 -0.17316199908777039 1.9019109174985842 1.7763262688441601 3.2987232609572978 1 CAMERA 1 45
