# Frame list with one line of data per frame:
#   FRAME_ID, RIG_ID, RIG_FROM_WORLD[QW, QX, QY, QZ, TX, TY, TZ], NUM_DATA_IDS, DATA_IDS[] as (SENSOR_TYPE, SENSOR_ID, DATA_ID)
# Number of frames: 24
1 1 0.99522901637346028 -0.092893129229406929 -0.021162119369113486 0.021029413070525999 0.87485622586853506 -1.818272703110438 1.2832507794302033 1 CAMERA 1 1
2 1 0.9947597623094091 -0.097725320039368124 -0.019150374763027667 0.023152543267782995 0.88366381508874403 -1.8341680205755826 1.2981944561635768 1 CAMERA 1 2
3 1 0.99729847262530402 -0.068474702563891807 -0.019433611082241752 0.018146800498338844 0.82082376136810631 -1.4707040824417232 1.3257215992552234 1 CAMERA 1 3
4 1 0.9996220875673284 0.018998102200441829 -0.00097094994883553058 0.019844682323354595 0.66205760376290412 -0.64555223451783128 1.6803855762510191 1 CAMERA 1 4
5 1 0.99972578753300456 -0.014499064854499442 -0.0069768796464421152 0.017013230447451299 0.74594428673353685 -1.0098145552218751 1.4970726691752565 1 CAMERA 1 5
6 1 0.9986487693303463 0.038988234213623206 0.019027538250827293 0.02860954204460386 0.51028930999272837 -0.4561139107172647 1.6922516457922103 1 CAMERA 1 6
7 1 0.98739138934497639 0.03861639408366379 0.13806921484415152 0.067111178410842603 -0.78841820186241418 -0.48999002152040488 1.426325867512072 1 CAMERA 1 7
8 1 0.97066859929089089 0.023629836574571551 0.21077530176131393 0.11321604719096161 -1.6344309909156207 -0.77306051464171555 1.5159687881535631 1 CAMERA 1 8
9 1 0.95912939608846515 0.035346084041872783 0.25699982024869666 0.11301569932544275 -2.3622557703955813 -0.65018118005540493 1.531458582262001 1 CAMERA 1 9
10 1 0.92858104105609451 0.036344003229722199 0.33071410520535816 0.16445225519474341 -2.9005092887079007 -0.87347790159836469 1.8816203842706887 1 CAMERA 1 10
11 1 0.90313519944737075 0.048050342422103022 0.38502916472179394 0.183821974817796 -3.3677844857759132 -1.029870010546392 2.1452479679618235 1 CAMERA 1 11
12 1 0.88522480798838044 0.05940460544293346 0.41970730303869802 0.19155655026672161 -3.8590037346398476 -1.0240947437925665 2.3947831350384043 1 CAMERA 1 12
13 1 0.99413404597515531 0.036129347121734427 0.087594526389808122 0.052147558487145203 -0.12056606010362553 -0.48300354475243062 1.5265864491096841 1 CAMERA 1 13
14 1 0.84069866157830164 0.040863715960120596 0.48903009224438848 0.22892244542164905 -4.3397146197806125 -1.4408072758528476 3.2771568151503994 1 CAMERA 1 14
19 1 0.99734107941899575 0.037767008577001285 0.052458132600872169 0.033653657907077562 0.18644244351791364 -0.46561677525824097 1.699921168551479 1 CAMERA 1 19
28 1 0.78311859618247104 0.035141685077232948 0.56289625014501743 0.26198881246306421 -4.7526202360758205 -1.9474920926950741 4.2755759794919825 1 CAMERA 1 28
37 1 0.8241059872524118 0.044304845726634373 -0.51358905424521561 -0.2347609119495235 4.7711228419873546 -1.9417971782356405 3.4589308261610059 1 CAMERA 1 37
40 1 0.87778269137406051 0.050436659575794927 -0.43747173793635202 -0.1886058551633378 4.5946127694430778 -1.4425340690099477 2.7948079551531717 1 CAMERA 1 40
43 1 0.91162655402509218 0.044916876422609942 -0.37870809041148817 -0.1532960614812261 4.1194152821272079 -1.0209422480465458 2.1004365567351577 1 CAMERA 1 43
44 1 0.97667361375627415 0.072657052127909641 -0.19299568930271999 -0.059852058267955657 2.5755118858111663 -0.18896612345147049 0.65058687153642059 1 CAMERA 1 44
45 1 0.99480938729522517 0.094057228917169194 -0.024799908056372541 0.029874490759133478 1.1529393647154373 0.33288119357624424 0.15328914841720542 1 CAMERA 1 45
46 1 0.99138933010460195 0.083626524735745653 -0.099543766042285264 -0.015647337073424875 1.8104708480286813 0.16844086313865242 0.21855107038049534 1 CAMERA 1 46
47 1 0.99364794694531489 0.10863192192524282 -0.001213667620047936 0.029349447713658595 0.82550183153321299 0.32396333763490376 0.066036471207716427 1 CAMERA 1 47
48 1 0.95930971078619809 0.060258516014640828 -0.25713858524535571 -0.099867602439586436 3.1841736891983272 -0.6043515979168268 1.1775948831590446 1 CAMERA 1 48
