# 3D point list with one line of data per point:
#   POINT3D_ID, X, Y, Z, R, G, B, ERROR, TRACK[] as (IMAGE_ID, POINT2D_IDX)
# Number of points: 226, mean track length: 3.2876106194690267
1 1.3662248563371271 -12.808140622560959 64.922641136606487 130 159 139 0.21358226147710194 26 156 20 2 19 142
2 1.3393806394607706 -11.909587965177323 64.220385695598225 150 179 165 0.49669628796563359 26 9 20 7 19 144
3 1.5202447029393855 -9.4670439184594031 63.643714933848152 136 170 159 1.273735845611335 26 15 20 11 19 149
4 6.807141346094518 -7.8567021657955296 57.741823620693765 139 171 168 0.8578042840853175 26 167 20 17 19 21 17 276
5 11.961861413152461 -6.5890816448357921 53.951299284955567 120 116 99 1.0560356233440324 26 168 20 20 19 147 17 176
6 13.965648313863355 -6.9317835430988319 56.522985138162205 106 99 85 0.16225275914813023 26 17 20 22 19 16
7 12.838851985648898 -5.9978221076453924 53.521466691353041 40 34 18 0.33535174125162642 26 26 20 25 19 22 17 177
8 8.5996469708828815 -6.1532011766987651 55.250746721445587 123 148 134 0.65662564542778967 26 31 20 27 17 189
9 8.6139904908608873 -5.7392955058347326 55.23039370193294 85 92 86 0.55291867919703397 26 35 20 32 19 153 17 279
10 10.0329514924703 -5.4638959016234248 53.818923558178547 128 149 134 0.39580647939903213 26 177 20 34 19 27 17 190
11 8.4602865736238826 -5.3533590859351401 55.491838110373372 94 104 95 0.19150557975593596 26 38 20 37 19 155
12 -0.42324011723832311 -6.5542894754967929 67.749794069615447 86 112 93 1.3631989233759096 26 185 20 40 19 47
13 10.947677098722867 -4.5821325039562586 53.522881996113682 103 130 107 1.1729161968422412 26 40 20 42 17 55
14 5.7160849116062131 -4.7709739858190634 57.399710248057055 172 205 188 0.35822564313677291 26 44 20 45 19 41 17 212
15 7.8099825549100395 -3.9472725132048589 55.6378405748059 126 153 128 0.64994143243770963 26 190 20 49 17 81
16 8.6970975928534671 -2.3626243617495977 57.433482038182611 69 85 59 0.52639988459052034 26 56 20 63 19 171 17 222
17 9.5067372674511734 -2.3555389113389138 56.146174589630789 63 66 45 0.98472078190770496 26 294 20 64 19 239
18 -3.7999801085346911 1.0060001039996069 71.133620099409072 144 133 101 0.46251617823560998 20 102 19 107
20 26.375877920647184 3.85603690427976 40.057411390304893 114 137 108 0.43959058464167261 26 90 20 126 19 72
21 26.375877920647184 3.85603690427976 40.057411390304893 114 137 108 0.43959058464167261 26 91 20 127 19 73
22 21.831437322903334 9.8801054424984542 39.853305072158399 199 215 204 0.082662713314283612 26 249 20 152 19 118
23 22.185032986493926 12.213807620140255 40.342348296848556 125 147 108 0.44179618502069667 26 132 20 160 19 124
24 8.9805964250229078 -13.727504764801409 65.920036288289339 195 199 187 0.22909750297802037 26 270 20 212 19 208
25 10.576552771419069 -13.283785392988289 64.993175000808804 73 75 60 0.43684396618125221 26 6 20 213 19 138 17 265
26 9.9347215198862049 -12.55948538562367 64.637983392945344 94 89 70 0.21026182213298886 26 154 20 215 19 139
27 1.6498096711321828 -8.9391900322841806 63.882281177304357 142 174 163 0.36164555385351488 26 275 20 224 19 219
28 6.8616504801236253 -7.1961940895576815 57.126527364085618 161 196 189 0.39612753712498766 26 172 20 227 19 217 17 278
29 18.999265450686082 -6.1877456290060566 53.890580045467821 78 81 68 0.14518841297801857 26 274 20 229 19 211 17 268
30 7.1416776506744419 -6.8020265741730315 57.092879665345599 125 163 152 0.36570824162161458 26 28 20 230 19 220 17 191
31 0.15832863518033569 -8.0974172025409885 68.261738228989245 98 122 108 0.43928826815662214 26 178 20 232 19 225
32 0.15832863518033569 -8.0974172025409885 68.261738228989245 98 122 108 0.43928826815662214 26 179 20 233 19 226
33 16.718425173414285 -4.5980113538259282 52.654763999986393 124 152 116 1.4037180797339717 26 33 20 239 17 179
34 16.713179430370008 -4.6031313418407001 52.622065884657921 124 152 116 1.2019759138995558 26 34 20 240 19 26 17 180
35 5.5586324546713435 -5.1793682325083488 57.706570427430869 80 112 99 0.44843563229744143 26 42 20 241 19 228
36 5.5622102949334984 -5.1871556182539562 57.760129809437103 80 112 99 0.36447871098207257 26 43 20 242 19 229 17 288
37 -5.5023499844560604 -4.1120760865752439 64.966511316692461 114 90 60 0.5012897215947999 26 194 20 250 19 182
38 9.4281529603078216 -1.8541647486256367 57.182673853554199 64 72 49 0.33606053541214037 26 195 20 258 19 244
39 23.855293654707033 -0.9226974584491392 46.667703106793788 143 131 123 0.40824085971458063 26 49 20 259 17 184
40 18.719405141403641 0.39718601274693904 44.97287909766132 168 187 167 0.71042847219979732 26 62 20 265 19 53 17 72
41 21.06771397241625 0.43698966981983839 45.708199649188792 140 128 116 0.18945763158112802 26 199 20 266 19 48
42 4.9544498485598343 -0.039246204184758937 60.36316430039534 98 136 111 0.26933625129803224 26 210 20 269 19 256 17 309
43 0.96579422791316438 -0.080501603144395195 59.931932127628144 149 151 149 2.0449115480603024 20 272 17 365
44 17.542625299076981 1.1261579724400625 44.482182094750485 107 86 72 0.26047025057191509 26 75 20 275 19 68
45 -5.7107278901429037 1.6442860657208693 69.411370691230843 49 32 6 0.34208717844875292 26 233 20 285 19 196
46 24.717414189348098 1.9890517296723793 43.144192141030729 161 151 152 0.37656679000614079 26 207 20 287 19 167 17 203
48 21.800354630518697 4.5806584824285519 39.850051242047385 105 132 99 0.15584355299527719 26 99 20 295 19 96
49 23.186690136294111 10.763764419447043 39.420606680850902 208 210 194 0.20293860429134822 26 250 20 330 19 121 17 136
50 23.186690136294111 10.763764419447043 39.420606680850902 208 210 194 0.20293860429134822 26 251 20 331 19 122 17 137
51 24.243182281115569 11.493546739582044 40.291579151638182 141 158 130 0.68501635284514395 26 124 20 332 17 138
52 22.279564714580172 11.940845936446216 40.526716923228655 93 114 75 0.47867330548993309 26 131 20 333 19 123 17 140
53 21.418444784272271 12.108118227204354 40.537153583217815 158 178 153 0.22051413398103903 26 252 20 334 19 125
54 20.270852880987796 16.483726338687447 42.146622370178882 171 192 170 0.26981007177652722 26 343 20 341 19 201 17 321
55 23.320480820289855 19.365771695100772 43.055728096992098 187 198 184 0.21886570303658828 26 264 20 345 19 134
56 24.502255708349551 20.273546030095432 41.842940565475942 179 193 167 0.23412029356102565 26 266 20 346 19 135 17 151
57 1.1257204891233046 -13.601625213420572 65.276011442518779 114 146 125 0.22900732921842484 26 352 20 363 19 285
58 13.349800941816579 -10.709121504564553 60.884246938372172 130 164 147 0.57908386939811785 26 272 20 366 19 283
59 12.743169344106178 -10.177249013988312 60.656393636043127 156 184 168 1.3893206295745961 26 157 20 367 19 10 17 267
60 7.3697555919927531 -8.6965376924534361 57.764727362728451 136 168 155 0.46979194055231688 26 356 20 372 19 213 17 333
61 15.076593398223643 -7.3608120101100836 57.75579672711465 98 97 79 0.23085383092672473 26 273 20 375 19 212 17 270
62 10.459432839760147 -5.9085636355628424 53.577477549060319 135 164 143 0.12551039011088994 26 277 20 376 19 218 17 277
63 -2.1536266480379274 -5.9461025242415619 71.175440195048239 61 82 63 0.98487615136682916 26 286 20 388 19 306
64 12.896540970693639 -3.0978909490375015 50.273210865005979 103 136 109 0.27251191300348887 26 188 20 391 19 227 17 280
65 9.4851267924755671 -3.5465127740454232 56.473912529769116 78 88 71 0.47081902591643787 26 285 20 392 19 234 17 342
66 12.513211014052805 -2.6278181539296264 51.196413270676722 101 136 106 0.51795635304865528 26 367 20 393 19 300 17 339
67 11.978359921568003 -2.6103448579438946 51.683406309066022 70 66 54 0.23528705463726707 26 288 20 394 19 233 17 287
68 11.978359921568003 -2.6103448579438946 51.683406309066022 70 66 54 0.23528705463726707 26 287 20 395 19 232 17 286
69 9.0719647006593238 -2.6220654030293971 57.060313852729777 94 110 84 0.4185095227706645 26 292 20 396 19 304
70 9.0533271873299306 -2.6040095788680997 56.923847898918666 94 110 84 0.47478225208252584 26 293 20 397 19 305 17 350
71 10.214167771853308 -1.8762091197102617 55.653617971399314 88 86 68 0.44379451664545355 26 296 20 398 17 351
72 11.387971486586434 -1.7379153479362379 55.144525353912286 98 126 101 0.91565085129103951 26 371 20 399 19 59 17 89
73 23.710299877110941 -0.54231251749812071 48.156350545512687 174 199 186 1.4074643665458215 26 291 20 402 19 157 17 46
74 8.8226667210492327 -0.88865596265116253 57.859215498528137 110 135 101 0.14372038904472337 26 301 20 404 19 249
75 3.9937391978975842 0.10962800077429297 61.499343236232178 78 110 92 0.22666220887349353 26 213 20 411 19 326 17 361
76 2.9932017807536146 1.0191654389962734 57.62599402144258 182 212 202 2.0644627586390381 26 495 20 415 19 424 17 485
77 18.061598010229492 1.5057604587215183 43.490087516314766 153 173 152 0.32335683827058165 26 309 20 418 19 247
78 20.351693023355782 13.628235857140563 45.52470460533862 150 179 159 0.57545805791055227 26 253 20 450
79 19.576858327241816 16.528659559711048 42.55908595743692 125 156 124 0.20397705383699116 26 260 20 458 19 203
80 25.486121291932321 20.265289037270456 42.564273995459239 145 168 132 0.06611418425389784 20 462 19 204
81 23.529212682581925 20.530088446897246 42.857107905858996 200 208 193 0.25527959996023603 26 267 20 463 19 205 17 152
82 22.77380686136781 20.736371471324318 42.559114870330937 229 239 215 0.15038249725218045 26 347 20 465 19 275 17 253
83 9.9465136670837691 -13.873548010699448 65.978505591869776 197 200 194 0.16314006194788647 26 351 20 471 19 279
84 15.958435300515504 -5.7993966719823247 54.521432683019739 114 101 83 0.30314936670255477 26 357 20 474 19 289 17 332
85 5.8917646013030733 -5.7193479891788721 57.63334722835981 82 116 95 0.48549141656842432 26 363 20 477 19 352 17 391
86 8.0661601348438623 -5.4709979143777296 55.352681144830946 68 79 65 2.455619582462091 26 422 20 478 19 377 17 419 17 449
87 15.226629082458029 -4.9636553691000067 53.146978185323839 151 176 147 0.48417866047104607 26 362 20 479 19 291 17 337
88 -1.366417629331953 -6.4511302249083 69.577178190891914 62 84 63 1.1332459567541271 26 430 20 482 19 301
89 20.053586915792071 -3.3832902126559459 51.711634028778427 172 202 190 0.79306039393165451 26 364 20 484 19 293 17 336
90 12.243919679337733 -3.4144584301927718 51.269058617890728 81 67 58 0.18504565000559642 26 366 20 485 19 296 17 390
91 7.1489484288897334 -3.1721597052339487 56.569206691845721 176 201 196 0.39078130569361946 26 369 20 487 19 302 17 393
92 13.030907844465837 -1.7279274277964836 50.156851225504461 93 122 94 0.75939044278343948 26 478 20 489 19 379 17 456
93 -5.7436187939623178 -2.6299852338843057 66.751984830079138 121 91 67 1.0109096048388466 26 377 20 492 19 365
94 20.207853153472712 1.3968540192936867 43.313081465193747 166 190 169 0.65500889612589397 26 378 20 500 19 309 17 340
95 26.41853536691691 4.4907884296047902 40.056572595744079 94 121 80 0.29331599746650194 26 322 20 514 19 250 17 217
96 23.367425050813786 4.8267466137587469 38.886882363457609 181 203 182 0.84589514430117096 26 390 20 515 17 355
97 22.008695452581247 13.224479201036527 40.599981035272933 99 121 82 0.47408236045525759 26 337 20 529 19 263 17 314
98 23.912470147749627 13.968714231991395 40.72825369767709 77 60 45 0.12500489961202857 26 401 20 530 19 336 17 371
99 22.188480162681714 14.040633542265603 40.882404518170027 112 132 97 0.33692072862605055 26 402 20 531 19 337 17 315
100 24.210534723797277 15.444248468562169 41.626914453763952 90 85 65 0.29392701022493628 26 339 20 534 19 265 17 247
101 22.39246345102023 15.804429255192694 41.080967158032912 97 117 82 0.16621851672142998 26 458 19 372 17 409
102 23.986461295312353 19.158740761806136 43.615586131135572 106 131 101 1.0376208241298253 26 404 20 538 19 341
103 22.753195999989497 19.275228105572577 42.895947388305018 99 123 85 0.32475438011418417 26 346 20 539 19 272
104 24.103804653192167 19.351050012890582 42.96802857833989 154 176 138 0.36458926706720202 26 345 20 540 19 271 17 251 20 461
105 9.3001940027615486 -14.805397802610422 66.848923852607399 38 53 32 0.9961290262409962 26 410 20 546 19 344
106 16.654231681924887 -6.6843266087699131 55.786298151645113 158 187 170 0.17589553657133264 26 418 20 553 19 347 17 378
107 13.072755740226686 -5.7170323557430365 53.359530192608823 64 44 31 0.36147327338563318 26 420 20 554 19 348 17 382
108 21.243808972135216 -2.6066399067869068 49.242888266156037 147 179 156 0.35687317557246701 26 424 20 557 19 351
109 23.276470446271372 -1.7503973773734052 48.125303335341791 173 194 179 0.56986256836299942 26 429 20 562
110 6.0777222692325985 -1.5076942944577747 58.632744601867607 154 187 176 0.58378861269392635 26 484 20 563 19 387 17 465
111 6.0777222692325985 -1.5076942944577747 58.632744601867607 154 187 176 0.58378861269392635 26 485 20 564 19 388 17 466
112 -4.2190951307539395 -1.8629293644306582 74.482716214004625 52 37 24 0.60420531063320881 26 441 20 566 19 367
113 22.974968980424578 -0.16456134403671957 46.349917686025996 169 193 177 0.38345627035975705 26 432 20 567 19 353 17 387
114 0.71803252162121445 -1.3117225129716861 63.561400468892806 153 189 179 1.0150216674354264 26 521 20 570 19 433
115 22.382494164118903 0.0062010671470534295 47.074306852514383 162 150 138 0.67834553796705244 26 372 20 571 19 355 17 389
116 -6.5662369898485409 -0.11296483196544765 68.106647193149428 172 166 130 0.75133449479030068 26 447 20 574
117 19.82930375500413 1.9243827571487004 42.970402964378472 163 139 134 0.31973167211095999 26 384 20 583 19 360
118 -12.455776678396782 2.0369020121161103 61.09877663694428 160 138 89 0.35849661805695576 26 451 20 585
119 22.605755655329741 2.9795792025227841 41.847768516012358 143 148 134 0.53152553561791438 26 385 20 589 19 314 17 347
120 30.692695295763695 4.0882903064704879 43.005085383623495 52 67 47 0.29069041987656724 26 386 20 591 19 245
121 25.338357595590374 4.1751877057542526 39.223357178563695 172 198 171 1.2785332958596658 26 448 20 593 19 178 17 216
122 23.210843088447358 8.4809225941951265 39.292141941769756 106 131 92 1.0464703346350313 26 397 20 600 19 334 17 362
123 22.363081153822954 8.988532341873217 38.712343981290708 111 137 98 0.15964242770849627 26 453 20 602 19 368
124 20.543571951145012 15.414713859098438 42.536641491980014 123 149 112 0.77234948642618273 26 456 20 606 19 371
125 19.65526801911021 16.908300690752132 43.679385468966707 133 162 134 0.64051856685867414 26 461 20 609 19 373
126 21.035843135997091 16.500216765876381 41.863311204503837 92 112 77 0.17812091722426768 26 459 20 610 19 339 17 373
127 25.444223014809651 18.836507184003139 43.394076721592654 154 176 137 1.928268495705397 26 462 20 612 19 340 17 319
128 24.110581666148214 20.218198910414298 42.650054220220518 132 154 115 0.32246654658437185 26 405 20 613 17 322
129 24.111096422167343 20.243680147390805 42.656743258693524 132 154 115 0.60082388372384721 26 406 20 614 19 274 17 323
130 16.083846349801583 -8.3467704717162903 57.449049290604897 118 107 101 0.30506899197049309 26 470 20 621 19 376 17 441
131 18.179347386534957 -7.0540707080150362 55.510648045876763 109 150 118 0.17450765518027289 26 471 20 622 17 442
132 19.691147705336149 -4.6067096208493288 51.360493753373106 119 159 132 0.30815550685060022 26 472 20 624 19 409 17 446
133 -2.3203079018823205 -5.3831489125198306 72.194097864619764 67 88 69 0.61230536531943891 26 476 20 627 19 384
134 6.6748013414316532 -3.0351028769032289 57.42131863700201 172 201 194 0.65597892155420445 26 477 20 628 19 418 26 519
135 -7.7272865858169535 -3.7799630453924733 67.600902954390037 155 154 150 0.38921654127224931 26 483 20 630 19 392
136 -4.9842868097581698 -3.1552717729936872 69.756263521855857 11 9 10 2.1421470112707124 26 486 20 631 19 363
137 7.4012591504116649 -1.9072241177518643 57.440688188763652 48 37 28 0.3208954089058374 26 482 20 632 19 385 17 462
138 -11.302137411642233 0.6512569611083594 62.025069983568635 191 190 185 1.0052063777893414 26 498 20 639
139 21.862570218020327 3.6319030960601357 40.882182716236287 174 197 176 0.57821156740960755 26 496 20 642 19 361 17 394
140 22.94194510375371 5.3330811389572705 38.535577338078134 87 111 75 0.52566391832280335 26 500 20 646 19 366
141 21.753927223740558 11.026053252562647 40.651501424896914 124 151 118 0.51109707590705289 26 454 20 657 19 370
142 11.92060056833464 -12.581012134228327 66.218330093391387 137 169 148 0.65825524841729754 26 509 20 662 19 407
143 8.654765606181078 -10.272267898636766 60.240304113313385 146 174 159 0.37074574010117139 26 510 20 663 19 408 17 443
144 11.927222900514831 -4.9511936228035038 52.753764921373673 131 163 139 1.7043574779160142 26 511 20 666 17 417
145 5.6602650155265071 -4.1682272402841765 58.149890614209831 64 82 60 0.12688571395856221 26 514 20 667 19 415
146 5.6499661082925918 -4.1412209998534211 58.102369020125366 64 82 60 0.55220360112294409 26 515 20 668 19 416 17 481
147 11.128186519973362 -2.5483361841728445 53.874128454310629 101 133 109 0.54369785387344938 26 518 20 669 19 417 17 479
148 4.798691366050992 -1.7821126027860321 59.243089588000544 68 87 66 0.48720379555419269 26 520 20 672 19 421 17 483
149 25.670857591661772 2.8525821743417579 42.917279590261352 176 202 191 0.65610155570493145 26 492 20 677
150 20.456854639523534 17.539216473695681 42.46733133263028 91 111 74 0.59039909903760912 26 528 20 684 19 404 17 438
151 -5.3503045197449479 -4.764602803373962 68.935689313577086 151 148 145 0.73331571364131687 26 533 20 687 19 431
152 24.235120584717841 -1.3194797628721793 47.588703700569638 136 145 127 1.124208131273791 26 513 20 688 19 410 17 447
153 22.311278506604125 -1.1280548814059133 47.511025344324821 170 196 183 0.71682266631852665 26 517 20 689 19 411 17 448
154 -7.1154379780010979 -0.31840124248100649 68.244461060829906 177 169 133 0.45768014978181648 26 552 20 692
155 21.910347724473919 14.970905027081848 41.450546368273933 89 61 50 0.43865482488550467 26 545 20 697 19 428 17 474
156 24.755015101884936 20.855972674198927 42.089206911489718 161 177 148 0.6431166987627378 26 547 20 701 19 429
157 4.4644953912241725 -11.156484268455895 52.502410854806499 47 48 52 1.4642958120360696 26 559 20 704 19 443 17 495
158 2.6738456516986924 2.2418420762950317 31.340703150893479 237 239 238 0.70581507710445712 26 394 20 709
159 14.162631607682822 -2.7098934027413586 47.863133752722959 153 179 154 1.838790183340576 26 561 20 716 19 446 17 502
160 24.245045573043885 19.986187407613979 42.445063817470569 142 164 125 0.9380379400568678 26 567 20 723 19 450 17 493
161 14.506567985819633 -7.0792615040906668 53.671592795994378 172 195 177 1.4039364300001083 26 14 19 14 17 330
162 6.0242442593417191 -9.1704177764394714 56.758009568999583 189 220 214 0.40476728894766878 20 370 19 15
163 7.5549848710240468 -7.642290941103588 56.799696335543246 168 199 191 0.33851954302453885 20 18 19 19 17 181
164 14.205729303021769 -4.2163385149639749 50.998295811938505 128 117 97 0.52245451659389264 20 244 26 282 19 28 17 186
165 25.632574130960624 -0.73620165690404948 48.677511841229013 173 196 170 2.4740797120117999 20 261 19 36 17 39
166 11.108177141409605 -4.3189860325946592 53.16431836811438 70 60 44 0.1878178785659618 20 44 19 37 17 197
167 8.2307252966180755 -2.6879091115771176 58.015243132808493 56 52 32 0.17670210559596009 26 54 19 58 17 96
168 10.525110813938182 -1.966087606146578 54.691791896673763 96 118 90 1.6658278589293205 26 295 19 60 17 218
169 22.853673140823233 1.8967738789755031 43.779683851798424 146 138 127 0.13871873095787995 20 105 19 62 17 73
170 10.921542326332698 -1.650980087073276 55.119658952012706 72 71 51 0.17619974127325297 26 59 19 64 17 94
171 4.561743586814206 -3.2690722032907389 59.73491703683603 91 128 112 0.15386170173997787 26 192 19 65 17 226
172 24.900977663044912 2.7565708956989492 42.192477814714209 187 206 191 0.18862148479020913 20 289 19 66 17 75
173 5.9166820688076456 -2.4186043318676385 59.144282343800072 149 178 161 0.68379565961690469 26 198 19 69 17 227
174 10.648179422488306 -0.67880146806538533 55.023177309172688 67 67 47 0.20201852838220258 26 66 19 74 17 112
175 19.972482641046373 2.542267898399067 42.742789287491071 188 200 183 0.55301178265327733 26 316 19 79 17 92
176 6.784824585971803 -1.4357383571372615 57.8717274101786 60 84 56 0.1905390091328992 20 260 19 81 17 117
177 11.31485068178295 0.1965839378362364 52.890101627884519 80 87 64 0.47114689226618472 26 76 19 84 17 116
178 4.2187821344489898 0.57675508802637543 60.613244184700925 175 209 193 0.28679189038292985 26 219 19 99 17 239
179 22.767178928104126 15.112230409711671 41.368317566929399 103 110 86 0.12443555472074912 26 136 19 128 17 141
180 21.256309857046709 17.098354199948325 41.832427171051286 134 157 115 0.27727087028733083 26 261 19 132 17 144
181 21.540476556176742 17.322512348137941 42.366832198105229 134 157 115 0.57863999449915726 20 175 26 262 19 133
182 8.355919188858449 -12.181082272691786 63.421486710351125 100 100 80 0.55480070378819712 20 4 19 140 17 266
183 9.1838302836073069 -12.051097678216202 63.899013930025014 106 107 86 0.30600944298008398 20 5 19 141 17 168
184 9.0838194974948721 -3.2963652058063033 57.364465863529368 49 50 30 0.42722427344811703 26 50 19 161 17 215
185 21.892372888874277 0.63066857653713315 45.905957180256834 170 194 168 0.31148904509195124 20 268 19 162 17 62
186 23.980668174144686 2.6374840668397841 41.605272309275861 143 140 127 0.6365132194233114 26 209 19 174 17 209
188 23.578181740328102 5.6224193650744008 38.355345991697909 173 201 179 1.1179620374790911 20 306 19 189 17 303
190 10.833350615166051 -6.347928391393741 53.493220129120985 126 113 97 0.37516955564988103 26 171 19 214 17 273
191 5.5054198193736887 -6.1377473985597613 57.978523465606827 180 213 203 0.72394409351443023 20 235 19 223 17 281
192 10.344343131934643 -2.9358884950423594 54.857411270171426 65 85 60 1.7957379846682489 20 251 19 235 17 292
193 21.855265472643854 1.0852326565631547 44.425576928709731 166 198 169 1.3349569282196461 26 299 19 237 17 284
194 13.279029309605324 -1.0412033057444241 49.491099969913463 117 151 116 0.66307888286126837 20 401 19 240
195 24.276474878651214 2.4141098392458478 43.305995440479869 145 124 115 0.61784766359967958 26 311 19 241 17 207
196 5.6319243846092633 -2.9720126812396521 58.635151476378539 64 89 61 0.24990462794177351 20 252 19 242 17 397
197 4.4245106776008747 1.1875301739342639 60.707123571642008 123 158 141 0.6935869854631781 26 224 19 260 17 364
198 21.31639801959081 14.475887843442639 41.26976321629359 89 67 51 0.10777819218776546 20 532 19 266 17 316
199 20.913336085998655 15.020996501542896 41.237094044912077 143 165 129 0.43823690902557288 26 340 19 267 17 317
200 17.838201554443213 -5.663667151810551 53.671475790203857 155 187 166 0.68868094771566735 26 419 19 287 17 380
201 19.41781718685812 -4.1852207151260066 52.439131716397554 175 204 186 0.10509969733152931 20 483 19 290 17 335
202 11.490397907508775 -5.3782614665274124 54.105755582574474 144 177 152 1.2427700564221402 26 421 19 292 17 384
203 1.7152547348207772 -6.9577547083958224 63.067227353333855 113 128 121 0.36438653170655955 26 281 19 297
204 7.2271264754213451 -0.46834484581727248 57.481113675991672 161 187 167 0.34833429267211152 26 382 19 321 17 401
205 26.360869894735618 5.4351207526511285 40.168257281646063 74 99 60 0.84858592911299846 26 391 19 324 17 301
206 22.349468772217314 10.015957026464356 39.671704708312312 117 144 104 0.18928585055207797 20 604 19 335
207 20.614917420273478 15.731496038262637 41.595498152624266 145 171 136 0.43622840293792065 20 536 19 338 17 318
208 22.992125484638436 -0.15063599469870986 46.379636846419572 168 197 177 0.21194412759269746 20 568 19 354 17 388
209 8.506471525955746 -1.8021725960238035 58.223854805741652 124 133 106 0.68016632513894082 26 434 19 357 17 398
210 10.529783208524908 -1.1140486698390462 55.219822299841404 96 86 73 0.576775375875763 26 374 19 358 17 425
211 12.92176373458296 -0.16972779858516723 50.740800406419588 125 160 138 0.61295087091059164 26 376 19 359 17 395
212 22.558682606954875 19.540975680176711 42.992324061984867 110 136 91 0.75717038120138758 20 661 19 374 17 410
213 22.376590807552009 1.5767995627216234 43.644860635354 176 169 151 0.17403622486068762 26 489 19 380 17 420
214 11.88049064089638 -1.4287132399095703 52.655168714571388 85 70 61 0.18326714099483996 26 480 19 381 17 424
215 6.1229563949577077 0.1395473601887513 58.081357325533325 76 106 71 1.08521601022818 26 442 19 394 17 429
216 6.1229563949577077 0.1395473601887513 58.081357325533325 76 106 71 1.08521601022818 26 443 19 395 17 430
217 5.3176427798957207 1.4564100646685552 59.689231760927264 190 221 210 0.33566103290001176 26 446 19 397 17 432
219 24.05307374665859 0.53393154837622347 45.274064673852429 180 207 192 0.11339863124582969 20 691 19 412
220 23.538522128812719 1.214915966499974 42.481752026219354 180 207 189 0.87053296819873605 26 534 19 414 17 453
221 24.072594980435834 4.8409576249832105 38.803531264279677 176 202 177 0.61139369702355306 26 542 19 432 17 460
222 20.672156606000552 3.7057942369792438 40.334044325681148 128 119 103 1.9346557951747783 26 95 20 125 19 90 17 105 17 225
223 26.937792562862487 4.5494084278990528 40.132417877242403 155 180 147 1.1493661221228482 26 321 19 179 17 84
224 3.3695557126786886 1.4304578747216155 24.621389694201472 92 118 81 1.0242223962055677 20 108 19 400
225 5.9966378052419014 1.939788001339475 61.110901045077192 171 204 188 1.3516014586749474 19 103 26 227 17 128
226 5.1081221465764273 -5.7460229678662973 58.634352691279311 153 189 179 0.070510250919509354 19 39 17 205
227 19.060310043977179 1.6537292256719978 43.31450865769996 183 202 181 0.3738690023493344 19 311 17 346
228 10.553628184727565 -5.3101098600981844 53.992126914632109 41 47 25 0.86771503278632833 19 294 20 475 17 386
229 11.023472527696725 -0.89308590104200536 54.090322506634472 124 156 125 0.38741564444797066 19 313 26 375 17 396
230 6.996345536064986 2.0382211429998955 55.500390307298431 91 118 81 0.56206473359868658 19 193 17 403
231 14.818459549824784 -9.5191336216084288 59.978067535655242 142 177 153 0.79529612459341215 19 345 26 416 17 415
