# Frame list with one line of data per frame:
#   FRAME_ID, RIG_ID, RIG_FROM_WORLD[QW, QX, QY, QZ, TX, TY, TZ], NUM_DATA_IDS, DATA_IDS[] as (SENSOR_TYPE, SENSOR_ID, DATA_ID)
# Number of frames: 45
1 1 0.7393759431034399 -0.10183323675557414 0.046360987198616831 -0.66393061799991704 -1.6333114757353253 0.39913408773127462 1.4587337369867182 1 CAMERA 1 1
2 1 0.73421015769232068 -0.15093529582613141 0.0052009645392899059 -0.66191157323554717 -1.5503752879023209 -0.71463888066885051 -0.63063362975094739 1 CAMERA 1 2
3 1 0.72735679110353291 -0.16761888685096671 -0.019376960983847832 -0.66519210803304407 -1.4743968325182406 -1.3402498803620286 -1.1447038233421627 1 CAMERA 1 3
4 1 0.72194791379708989 -0.18262561690018414 -0.037250168618452206 -0.66637190723630746 -1.3882050065958149 -1.6296480210846078 -1.1259977062849122 1 CAMERA 1 4
5 1 0.73683748100411184 -0.094648872658395097 0.04526438003953169 -0.66787966984453639 -1.7453307027919955 0.060552273454280582 0.58836373572392797 1 CAMERA 1 5
6 1 0.72266340740738044 -0.18212863265053303 -0.035287203428637684 -0.66583900008739905 -1.392426264439719 -1.6313284181635457 -1.1006017049298382 1 CAMERA 1 6
7 1 0.73906735990031236 -0.095887088182780272 0.053661054330496644 -0.66460935525912468 -1.65109526357811 0.29757298829115403 1.0872803434889706 1 CAMERA 1 7
8 1 0.73850948864170551 -0.10223123714573966 0.042360942379941181 -0.6651000375120284 -1.6265522818818186 0.46351911317801076 3.3927959292053034 1 CAMERA 1 8
9 1 0.74144690135841318 -0.087255449368692339 0.044579640892056384 -0.66381897731189532 -1.6914615228321572 0.3403238679584939 1.8316196587516549 1 CAMERA 1 9
10 1 0.73908880289628454 -0.10467039132684056 0.041260663940005153 -0.66414562275456812 -1.6379290063079193 0.39302564402983792 3.3514447725264032 1 CAMERA 1 10
11 1 0.7400913696050716 -0.1024563158550246 0.046144348130311541 -0.66305216017530133 -1.5331614138057406 0.43144209661342947 2.7222351826388498 1 CAMERA 1 11
12 1 0.74081030215596044 -0.096801360299649183 0.040612078908229168 -0.66346081414841962 -1.6272204503701917 0.36461789821955004 3.178465680388789 1 CAMERA 1 12
14 1 0.73925780198907454 -0.10672019811800813 0.042466277243240626 -0.66355505936511083 -1.6369012402987395 0.42900419388127353 3.0478036177301004 1 CAMERA 1 14
15 1 0.73759722062376532 -0.12358900650787999 0.024836714923099995 -0.66336960677311751 -1.7358192135956283 -0.17443476707748573 -0.045893182648320124 1 CAMERA 1 15
17 1 0.75167370678613521 -0.076966885868831783 0.05621791287683553 -0.65261189330092506 -1.9971527725830875 0.37962978347977067 2.9952335542811657 1 CAMERA 1 17
18 1 0.78742467802612914 -0.29667848918542555 0.27087403411990929 -0.46751631857049269 -6.3944382162040787 -1.2261255366021941 5.8203464773976732 1 CAMERA 1 18
19 1 0.68136665598698121 0.063763461545758779 -0.082044505592339209 -0.72452908856921006 1.4148397479216028 0.64686544291474102 2.9113579007531403 1 CAMERA 1 19
20 1 0.6393452105830556 0.12598888659509574 -0.14675381068828974 -0.74419609056182368 2.9766075571647188 0.54109040503670147 3.3221922613695591 1 CAMERA 1 20
21 1 0.94535306129241015 0.18124520291348878 -0.26853494730120392 -0.036698065396646072 4.3457266154500669 2.3549833325329299 3.6697642351196942 1 CAMERA 1 21
22 1 0.7367539117040679 -0.078170675136437634 0.036240856550809254 -0.67064865574601129 -1.530001880353175 0.31617958589951123 3.0399198391336193 1 CAMERA 1 22
23 1 0.64202798164452879 0.12560683517758262 -0.15440085906459597 -0.74039406295717891 3.0092008090690681 0.5946003570156424 3.3862703025262584 1 CAMERA 1 23
24 1 0.96541022148014144 -0.044640818526558566 -0.25639290647795948 0.015905316429653319 3.7795847558497591 -0.73174888523035631 -0.32838286122711241 1 CAMERA 1 24
25 1 0.96935804803491099 -0.042964565782177215 -0.24130100946989119 0.016517978868726475 3.4543814227404162 -0.76232307145248468 -0.44752169509066536 1 CAMERA 1 25
26 1 0.97654950582968103 -0.041842079898566489 -0.21040207832369079 0.018200781594184784 2.8412402248304378 -0.75155693420189751 -0.61764688001822476 1 CAMERA 1 26
27 1 0.9914632071869065 -0.034423181640830643 -0.12435098292859791 0.018777284283602012 1.7556566964427354 -0.71286338734464172 -0.89904186949383746 1 CAMERA 1 27
28 1 0.98324010893413094 -0.036612152805115039 -0.17767288843579798 0.018187445259128743 2.2614790921187868 -0.6493600759113346 -0.72229982199001919 1 CAMERA 1 28
29 1 0.63960824225399149 0.12698141582993216 -0.15232103674829464 -0.74268116863059741 3.0213996326710055 0.52466889598452227 3.3501182606370596 1 CAMERA 1 29
30 1 0.99659541125443452 -0.032896590478574045 -0.072952669531939698 0.019832009723002239 1.1408658832395653 -0.41655368208524984 -1.1372664243980575 1 CAMERA 1 30
31 1 0.99813164521141762 -0.032142640755165881 -0.036732762039248447 0.036752872891804261 0.13034808678686627 -0.75760839647888978 -0.40735246962590443 1 CAMERA 1 31
32 1 0.99805242039898867 -0.046460827472886337 -0.032165841181526225 0.026421890684430623 -0.44503555072876433 -0.9052206353151222 -0.49141504616906995 1 CAMERA 1 32
33 1 0.99723705460132683 -0.057515265801879899 -0.020313319147393663 0.042398351324378289 -0.26335509113418959 -0.91754691486874085 -0.51623409120579444 1 CAMERA 1 33
34 1 0.99800658586520441 -0.047641301969723118 -0.033543697646947208 0.024248324982945432 -0.45294290162814344 -0.85469078048094171 -0.44414211484606259 1 CAMERA 1 34
35 1 0.9978426800314627 -0.047285127599947477 -0.037045407872327747 0.026490382614404426 -0.42617576267928037 -0.79560404021869457 -0.47963878608071014 1 CAMERA 1 35
36 1 0.99450948676037154 0.085857191949221506 -0.036779925759636553 -0.047187502533324842 -0.44085247142962286 1.2925741198937515 -0.56457215742871714 1 CAMERA 1 36
38 1 0.91139995103103844 0.39806262851355534 -0.046205210387838987 0.093602091720835431 -0.89918522762170561 4.1077515980408741 6.3494425377875618 1 CAMERA 1 38
39 1 0.70210738099029268 0.40419152782747003 -0.18332403851931336 0.55683635952801869 -2.5814266166144315 5.4373076692200497 2.353349009651907 1 CAMERA 1 39
40 1 0.99732768625614188 -0.052261285735739016 -0.038185585525534055 0.033883702546949494 -0.40645494701704504 -1.0217745964553724 -0.54550214996649127 1 CAMERA 1 40
41 1 0.90845385437966797 0.40536592814854666 -0.056301217467786061 0.084971946374304053 -0.82391042032890704 4.1830545078696577 6.4059628699350535 1 CAMERA 1 41
42 1 0.9982984277528576 -0.010070257327363758 -0.056315250930791781 0.011288559524367928 0.7417209374774032 -0.11447644482326938 -0.87357367748315984 1 CAMERA 1 42
43 1 0.99822243856527759 -0.025071352357689192 -0.046233042661796821 0.028033840300247526 0.44495391502980558 -0.3354488373735558 -0.56285376376525931 1 CAMERA 1 43
44 1 0.91116987803565408 0.40529330668965519 0.0060463593960998147 0.07396100628783811 -1.4486764244755879 4.1630485790760234 5.4547772509712829 1 CAMERA 1 44
45 1 0.98010264409695502 -0.16482761781535632 -0.040978558247047429 0.10272011099811852 -0.078540215850205472 -3.2670654085242066 -0.012561715593585073 1 CAMERA 1 45
46 1 0.91244509812435615 0.39058495457460662 0.11262497486289461 0.046935607015560155 -2.7544175807224964 4.7225449208123376 3.9027031478947123 1 CAMERA 1 46
47 1 0.91955942571388538 0.37078078991698721 0.12186476117480777 0.045618509325619165 -2.7726124217741108 4.9369870825813686 3.6723459155347649 1 CAMERA 1 47
48 1 0.91313736636354093 0.38771661618011766 0.11710361785226531 0.046289506093784294 -2.7492057520109707 4.7579957836332802 3.8558942994579541 1 CAMERA 1 48
