# 3D point list with one line of data per point:
#   POINT3D_ID, X, Y, Z, R, G, B, ERROR, TRACK[] as (IMAGE_ID, POINT2D_IDX)
# Number of points: 72, mean track length: 2
1 -7.2083904208247418 2.6914496128292345 35.617218926371685 32 26 14 0.24504072867478172 26 1 27 2
2 -3.611256617533102 3.2543317093984028 35.978125068901605 91 88 81 0.76204538412392764 26 64 27 4
3 -3.0854254476495342 3.4403969137024446 36.04042028956983 198 175 161 0.55918615534027438 26 4 27 5
4 -3.4774358999023751 3.4650182076097633 36.006364053476638 107 100 88 0.38485503454124581 26 5 27 6
5 -2.7086343885005109 3.8684833934193237 35.994046441419492 89 74 58 0.33747263490222468 26 66 27 9
6 -2.8630028434955919 4.2507137617559474 35.943318268908918 84 71 59 0.4283549851477691 26 20 27 12
7 -2.8574589811098741 4.3295796939917599 35.933483549811932 94 82 71 0.43035808702692624 26 21 27 13
8 -3.424734184331109 5.2124450742930142 37.248439542607507 155 148 135 0.32460226639284173 26 115 27 18
9 -3.1067033838918201 5.2685884231666584 35.624097875471811 103 86 70 0.91784856471185361 26 28 27 23
10 -3.8113999086935761 5.4504502594232456 35.781030384486243 32 23 14 0.31977172213990079 26 29 27 24
11 -8.051824043939666 6.0306256812452537 34.716530048837988 128 124 121 0.62610867111124135 26 41 27 30
12 -2.0866763356661351 6.2572506752287227 36.670036481542169 180 140 121 2.4054356484233255 26 42 27 32
13 -3.3118111781723432 6.7027999174355948 36.946863199575887 163 129 111 2.6712215018145797 26 75 27 37
14 -3.6089058337089415 7.0621040882356736 37.136069412034999 14 0 0 0.34469445351735384 26 51 27 43
15 -3.1671862542044682 7.0250133031928463 37.086127154630923 171 132 124 0.30332035053063372 26 52 27 46
16 -3.7045500463034897 2.7055511461985282 35.946521470502411 124 120 108 1.0476252946114095 26 61 27 49
17 -3.7045500463034897 2.7055511461985282 35.946521470502411 124 120 108 1.0476252946114095 26 62 27 50
18 -3.2667848630977985 3.4738736780684576 36.012984507283555 140 123 107 0.26293739882036055 26 65 27 54
19 -3.0137016273638126 3.8126406405068503 35.980259537337226 132 114 101 0.99387540477448988 26 8 27 57
20 -2.5228148535375072 4.3240034055855521 35.946537486423566 112 94 80 0.91557386448528844 26 95 27 59
21 -3.0123274156372903 5.0209339720436938 35.335510021128997 116 97 77 0.62185378253610679 26 98 27 62
22 -3.7632852968545483 5.3920155553511027 35.796932871959029 112 106 94 0.21864505817804147 26 70 27 63
23 -6.9912597027938723 5.5063734782852505 35.122660329587184 75 73 74 0.32148919266904097 26 35 27 64
24 -2.3974372841946452 6.0776469418977044 36.782307560124039 221 206 201 1.4389443221181293 26 71 27 65
25 -3.2563381959469235 6.4168736899524008 36.725402739114102 56 52 49 2.5819294527180805 26 140 27 66
26 -1.799874194974991 6.1425522664338521 36.541005418878242 177 136 130 1.398602623088248 26 76 27 69
27 -7.8961665808708794 6.2977671396680019 34.690743009378139 115 111 108 0.28985074008054629 26 79 27 72
28 -6.9912285189140411 6.7281326573712601 34.809248239297318 42 40 39 0.49266915593851585 26 82 27 75
29 -3.1843569576425836 7.0009846694055238 37.061093599364803 97 47 38 0.61868596933670839 26 109 27 76
30 -3.1306862475704076 7.0881348344699591 36.939670248183916 167 142 137 0.43657309293427493 26 57 27 77
31 -6.9800394174840266 2.4906618093834867 35.779815942938917 39 32 24 0.054546963326461445 26 60 27 78
32 -7.3232601305699818 2.7685489535042085 35.574869849924404 78 71 61 0.1333039081837836 26 84 27 79
33 -7.3232601305699818 2.7685489535042085 35.574869849924404 78 71 61 0.1333039081837836 26 85 27 80
34 -3.3331920215363136 3.3023517395075008 36.03942936971584 181 163 149 0.58104512691053312 26 86 27 81
35 -3.1520189044440943 3.6389814432983458 35.982153145783379 136 117 102 0.19605662925328282 26 88 27 82
36 -2.8221375278668672 4.0333098263896447 35.988136272985891 160 143 127 0.40275306162218749 26 67 27 84
37 -2.8024296531680837 4.1341178856094309 35.944588826366754 149 130 115 0.40828627509543758 26 92 27 86
38 -2.3981773597676783 4.2228853090255072 35.93024067112745 142 125 111 0.88410724963796006 26 94 27 88
39 -2.7901542826204975 4.2837259294701706 35.98628989498787 142 121 103 3.0389995832694332 26 93 27 89
40 -2.8390088180279842 4.8694556719514361 35.860828165012443 231 219 213 0.84542120049094815 26 68 27 90
41 -3.5899415116111455 5.194006644649928 35.788454849934936 143 128 116 0.21128848693930979 26 96 27 91
42 -3.7863274780577023 5.3108487612338129 35.786144375202603 40 33 23 0.38663616955573599 26 99 27 92
43 -3.135608571080164 6.9548799506897891 37.194868197425656 160 104 87 1.3346178172445784 26 133 27 99
44 -7.3140035217643486 2.7984826126313376 35.563630342339941 74 68 58 0.39693596607492998 26 112 27 101
45 -3.3422530638559573 3.6547840019773048 36.006529591431764 87 78 67 0.40013796874858554 26 125 27 102
46 -2.9029483228740904 3.8445970229496691 35.982369711151087 160 141 126 0.01370151420775504 26 113 27 104
47 -2.8557070956376638 3.9410360434870846 35.964625260816888 147 130 114 0.8368885110007056 26 114 27 105
48 -2.9501415651260166 5.0749376260976335 35.892129030644874 188 167 148 0.84006935030052698 26 97 27 108
49 -2.9160811875702404 4.9634573743911288 35.893726906086982 111 91 80 0.40131392094782814 26 127 27 113
50 -2.1861838535839149 6.4508247393400886 36.797584821026227 169 104 82 1.0765509684113608 26 132 27 116
51 -1.6780009774355908 6.2710786290892981 36.630364022308449 189 134 114 2.1809120358004441 26 49 27 117
52 -7.1496168650472658 2.6590842018266212 35.659248514621311 41 34 25 0.067647539101763021 26 136 27 120
53 -3.6289582314004583 2.8546471346874807 35.95884608233591 72 65 55 0.95507402785905859 26 137 27 121
54 -1.8802080155283118 6.1536153683510522 36.401347754189736 167 117 112 0.37554672814458728 26 43 27 124
55 -1.8723936806856749 6.1732749895733585 36.528764390702996 167 117 112 0.80650170166589541 26 131 27 125
56 -1.7927418278220573 6.5513285067564544 36.648106066109918 156 101 80 0.28486840616040576 26 135 27 129
57 -2.7745131777968708 3.7912572238805762 35.979785601351566 96 77 62 0.28200656283611969 26 144 27 132
58 -3.9358941916357049 5.7156442925155853 35.699430314147925 70 69 65 0.53541758869801348 26 146 27 135
59 -3.9486806906855896 2.5599900552382069 35.945843873585744 47 44 37 1.0806911873063203 26 149 27 137
60 -2.7588664135614303 3.4997446932986933 35.990943407586535 203 183 170 0.14940136786628813 26 150 27 139
61 -3.8370724250841102 5.2849846040600044 35.796525393460733 63 60 51 0.99371630607558603 26 145 27 140
62 -3.5651022815112792 3.5012020891961759 36.0076593035242 40 37 28 0.41028731345600805 26 153 27 143
63 -4.1728750821356426 5.45683562557491 35.761762196511825 71 69 65 1.2945375667034102 26 151 27 144
64 -4.200768910427862 5.7051584673960187 35.465602820683408 28 24 21 0.63596817158818175 26 155 27 145
65 -3.2874358028950068 7.0179194157487697 36.903022250337777 114 55 49 1.0051621059563174 26 159 27 148
66 -2.8721652638722639 3.8678563335301286 35.938686099182341 144 125 110 0.49137474614898302 26 160 27 150
67 -6.804579876254806 5.5529727206430524 35.137218340843738 37 36 35 0.070661722306033653 26 161 27 151
68 -4.2668265040445315 5.7461588916046331 35.479078392464558 27 24 19 0.4797941293881357 26 162 27 152
69 -6.7639099103290716 5.8852053814569745 35.094729834554059 66 70 69 0.15486346477727064 26 163 27 153
70 -4.1032675323237919 6.0081090082840989 35.576643552871005 56 57 52 1.3145063137252986 26 166 27 154
71 -2.4166433505278144 6.3195104601222374 36.763459042333544 178 113 91 3.1541278784441373 26 167 27 155
72 -1.843379697507183 6.2944513552060384 36.565262383787605 180 119 101 0.29047564116397701 26 165 27 156
