# Frame list with one line of data per frame:
#   FRAME_ID, RIG_ID, RIG_FROM_WORLD[QW, QX, QY, QZ, TX, TY, TZ], NUM_DATA_IDS, DATA_IDS[] as (SENSOR_TYPE, SENSOR_ID, DATA_ID)
# Number of frames: 46
1 1 0.9976181674977449 -0.05788339632692955 0.028468868341046037 0.024434153218011713 -0.31429533455327591 -0.52453058410040865 -1.3417546868322427 1 CAMERA 1 1
2 1 0.99425494902895595 -0.10000452662995014 0.030965793754226784 0.022300461926126822 -0.19905166383851888 -1.2632667722086559 -1.6090037146634315 1 CAMERA 1 2
3 1 0.99620515653910646 -0.078482356272617404 0.029259992446323723 0.023657106349538753 -0.26136656190625396 -0.90498761044704024 -1.4011987954443563 1 CAMERA 1 3
4 1 0.98962621244633975 -0.13879898511559494 0.032646739870867414 0.017578161047080296 -0.23355926417880252 -2.1460129320502603 -1.7569908914375052 1 CAMERA 1 4
5 1 0.99180207336873083 -0.12202136144042112 0.032284280369941076 0.019928869880352001 -0.15568513322510522 -1.7489009975931806 -1.7046725725064906 1 CAMERA 1 5
6 1 0.9988758825796461 -0.032198450034917066 0.026197385707877902 0.022889473522885041 -0.28343916277440706 -0.057950866070177118 -1.1829513339959148 1 CAMERA 1 6
7 1 0.99950333034550809 -0.0080617594340870197 0.027697503270218322 0.012686566740502607 -0.26581779028112845 0.17029794049679345 -1.0297195262577481 1 CAMERA 1 7
8 1 0.99946489473412725 -0.009244763253817883 0.027923488583620638 0.014308645351712865 -0.26352098712693167 0.18516693802219578 -1.0631748672135242 1 CAMERA 1 8
9 1 0.81649424867295761 -0.00061501733916911828 -0.48414863427458782 -0.3145423080727085 5.5866982410305459 -2.0908576086123198 2.6968881418353883 1 CAMERA 1 9
10 1 0.99941016057820919 -0.011873946949997109 0.027715180012943263 0.01643803862134785 -0.26374165510658421 0.18524409098681377 -1.0814230926245199 1 CAMERA 1 10
11 1 0.99933491149807385 -0.015174526184855704 0.027233011210816182 0.01891643509210288 -0.27363085083482896 0.1570342764810583 -1.0741329236245516 1 CAMERA 1 11
12 1 0.99990355745499915 -0.011134502303583224 0.0080987326474456986 -0.0018191142883277774 -0.029573678207393837 0.095041982175604361 -0.91879321469405806 1 CAMERA 1 12
13 1 0.99953104637233359 -0.0072408052426775373 0.026928577871994416 0.01265344897874 -0.28821296744620845 0.1432100281751881 -0.9965048503573436 1 CAMERA 1 13
14 1 0.99923145226488619 -0.020155493784058613 0.02618156926898348 0.021089957457060458 -0.30677228861151329 0.10445443544034887 -1.1054657147555684 1 CAMERA 1 14
15 1 0.99982672460062461 -0.014772120901604006 0.0099541134034119953 0.0054056308426668311 -0.11926736717609929 0.071493911789875297 -0.74024255930671046 1 CAMERA 1 15
16 1 0.98616570088095468 -0.013104119120526784 0.14155870740398727 0.085244500269302081 -1.9366751672364739 0.023751705273699564 -0.76464996663790341 1 CAMERA 1 16
17 1 0.94304392941456106 -0.017975321601075671 0.28021640628555233 0.17839226624518412 -3.7778179006847195 -0.59706224112566375 0.22019966183185691 1 CAMERA 1 17
18 1 0.97177438572345454 -0.015615500434301767 -0.19701466398266992 -0.12882515893172727 2.7140834803511971 -0.35642836142185147 -0.031850918877224604 1 CAMERA 1 18
19 1 0.87162860680121768 -0.012764855677806752 -0.41249894631177203 -0.26447164225483782 5.0182371952817553 -1.5530422067673375 2.000812989735048 1 CAMERA 1 19
20 1 0.87369833750414827 -0.011813016160383154 -0.40945829638239079 -0.26240345122599329 4.9938944150046343 -1.5204059604376725 1.9394181087745439 1 CAMERA 1 20
22 1 0.98938929428731293 -0.13750446563601737 0.038863930229185294 0.026285760535834292 -0.70213428827810187 -1.3003110736133974 1.9130614746850274 1 CAMERA 1 22
23 1 0.98039603140531439 -0.19048174734109138 0.041400901364085328 0.028745276148188125 -0.49481347517394803 -2.1655228882205479 1.8861400443621688 1 CAMERA 1 23
24 1 0.98669644936252487 -0.15491267707834971 0.040915383353700062 0.027533810139993255 -0.63116362373069401 -1.4940566080872033 1.9647863680092237 1 CAMERA 1 24
25 1 0.99245346045749905 -0.11387105654680295 0.038106286161552511 0.024847983053440065 -0.78979341175446094 -1.1352895097672187 1.8517319286383773 1 CAMERA 1 25
26 1 0.99689138599454452 -0.063723229390276151 0.040702549941614173 0.022140844478040777 -0.65761752435108467 -0.30169761155725489 1.7200636454446787 1 CAMERA 1 26
27 1 0.99417836235328028 -0.097394080843072786 0.0392008047341421 0.024229604897284537 -0.75564091475867068 -0.80901087323427134 1.8676100626116852 1 CAMERA 1 27
28 1 0.98159968264902908 -0.18334914161599294 0.044925430963456685 0.028755189875079395 -0.57627121040183893 -2.0299747937692958 1.9588243970562869 1 CAMERA 1 28
29 1 0.99581812348667764 -0.079267221380443009 0.039364973952325716 0.022657700144293431 -0.6687750478982547 -0.57066568556590136 1.7831386967301168 1 CAMERA 1 29
30 1 0.9973351131541498 -0.051236151593128741 0.047862135058823876 0.020167916782257669 -0.65287534107752165 -0.066294713111584261 2.1441946034914863 1 CAMERA 1 30
31 1 0.99706111248410056 -0.054498291701553528 0.050131319461436105 0.019644973469969275 -0.7543982257022207 -0.039453635845958512 2.251438005754129 1 CAMERA 1 31
32 1 0.90947467241411839 -0.061433222222281307 -0.34890772621010552 -0.21758947133423984 4.2216694589102062 -1.201938205423891 4.2805222843179385 1 CAMERA 1 32
33 1 0.99730945948398764 -0.056188123256280947 0.044219910243190788 0.016165901359892949 -0.71215500002813426 -0.02774113576556465 2.2841879116248265 1 CAMERA 1 33
34 1 0.99739018327351836 -0.051636746801084293 0.046044484473897369 0.020648828997097475 -0.63583786229093719 -0.073955113188709454 2.0301474137774993 1 CAMERA 1 34
35 1 0.93372769520664001 -0.055385599900768023 0.30780854742902625 0.17418072412687083 -4.2820106966935683 -0.61382488815262015 3.6852110918632528 1 CAMERA 1 35
36 1 0.9973403316917252 -0.055623805602058131 0.041957080867834125 0.021397625953226411 -0.64778736638949064 -0.14943983279949219 1.8290192691943488 1 CAMERA 1 36
38 1 0.91261163489152985 -0.013682281873826784 -0.34350043739837666 -0.22126962857667135 4.3952384297483968 -1.087769003176398 1.1968790467945689 1 CAMERA 1 38
39 1 0.87241123540309573 -0.039027101718982646 0.42311615746862974 0.24155380138354754 -5.6001911163557825 -1.0681879237237191 4.7015303746091961 1 CAMERA 1 39
40 1 0.96285051803583488 -0.054507095789751561 -0.22522137759420652 -0.13864771004693605 2.823226401523137 -0.47801453794778015 3.2672240501889189 1 CAMERA 1 40
41 1 0.96705258231468838 -0.055753955009217003 0.21506004737203083 0.1242979306491587 -3.2211464260798848 -0.29331353293307438 2.8499285967980912 1 CAMERA 1 41
42 1 0.95159684558619739 -0.055458983504767856 0.26199277477321065 0.15082284503897436 -3.7936981593731884 -0.44941022899171873 3.2064163466878175 1 CAMERA 1 42
43 1 0.91181107931223793 -0.055231564364240822 -0.34661486966587529 -0.21309190990706092 3.9834181435415474 -1.1008542826120808 4.1272333467569933 1 CAMERA 1 43
44 1 0.96785051297670222 -0.054793624130395263 0.21202026837131188 0.1237353994827201 -3.195410958661006 -0.26638121463235409 2.731955095533571 1 CAMERA 1 44
45 1 0.94511421971670284 -0.056647743373220975 -0.2730096729073947 -0.17034043371732693 3.2254467444846333 -0.71330257427887067 3.4266238602717149 1 CAMERA 1 45
46 1 0.99141594299848601 -0.054310283916438391 -0.10022755797401604 -0.064025445347173901 1.063138107388645 -0.075581386624717001 2.3126928763571701 1 CAMERA 1 46
47 1 0.97722036423504732 -0.052467337677829747 0.17840092934925306 0.10227730250962322 -2.8040759861987818 -0.11548806888533227 2.4791219110790963 1 CAMERA 1 47
48 1 0.91013307504205876 -0.055493709150574846 -0.35002689214494781 -0.21461455853354103 4.0155585152069246 -1.1344363885029842 4.1868582148753628 1 CAMERA 1 48
