# 3D point list with one line of data per point:
#   POINT3D_ID, X, Y, Z, R, G, B, ERROR, TRACK[] as (IMAGE_ID, POINT2D_IDX)
# Number of points: 561, mean track length: 13.235294117647058
1 0.014439038648388457 -2.4104485527808097 6.5172838465159382 97 60 34 0.40607647686462411 11 3 18 0 9 0 4 3 3 1 2 0 1 1 5 1 16 2 6 2 10 0 12 1 24 7 19 3 21 0 14 44 25 4 29 55 22 2 26 112 20 0 23 4 17 0 36 94 32 80 31 49 30 47 39 61 37 49 34 56 41 70 40 63 35 48 38 52
2 0.87776150165805256 -2.4653285888844452 6.7235819046764895 133 133 133 0.49122558639120545 11 67 18 1 9 53 4 93 3 68 8 2 2 2 7 70 6 61 10 40 12 51 46 61 24 6 19 4 21 1 14 1 25 3 44 1 22 3 20 1 23 5 17 1 13 1 43 60 15 2 28 40
4 0.8904510249406159 -2.4280687673848456 6.8088863986020609 118 125 51 0.50582221302452135 11 7 18 4 9 5 10 2 12 4 46 63 19 9 21 4 45 61 47 61 48 55 44 56 22 5 23 9 13 5 43 68 15 4 28 44
5 0.56570768390381376 -2.2817306338209296 6.4979224100059865 9 9 7 0.90051767200657007 11 8 18 6 9 2 4 5 3 4 8 4 2 4 1 4 7 5 5 5 16 6 6 4 10 3 12 5 46 4 24 13 19 12 21 7 25 11 45 63 47 6 47 8 45 8 46 3 48 5 48 7 29 97 44 7 44 9 22 6 20 5 23 13 17 8 13 6 15 6
8 0.30283980450677667 -2.2029120874954153 6.5111748107123759 65 39 19 0.94251741572267644 11 11 18 12 4 98 3 8 2 7 1 10 7 7 16 13 16 14 6 9 20 14 13 13 15 11 32 11 30 10
9 0.47905614126620533 -2.1837060278217253 6.5163536185849793 7 9 7 0.14608850870816378 11 13 18 13 9 12 4 17 3 12 2 9 1 12 7 9 5 9 16 16 6 14 10 10 12 11 46 12 24 22 19 20 21 16 25 20 45 11 47 15 48 14 44 15 22 15 20 17 23 24 17 18 13 14 15 13
10 0.4790043473866013 -2.1837708768948705 6.5165604789080342 7 9 7 0.14453005258806756 11 12 18 14 9 11 4 16 3 11 8 6 2 8 1 11 7 8 5 10 16 15 6 13 10 9 12 10 46 11 24 23 19 21 21 17 25 21 45 12 47 14 48 13 44 14 22 16 20 18 23 25 17 19 13 15 15 12
11 0.052442177214790789 -2.1986901617829933 6.6211024273502543 82 34 3 0.40118897974303136 11 80 18 17 9 67 4 100 3 119 8 112 2 118 1 79 7 120 5 76 16 79 6 107 24 78 19 22 21 67 14 54 25 56 48 12 29 61 26 124 23 26 13 68 36 102 32 116 31 93 30 53 39 72 37 59 34 68 41 82 40 77 35 63 38 64
13 0.091876265967126877 -2.0749448910604058 6.6867960370900121 52 15 5 1.017417260403441 11 20 18 20 2 18 7 22 5 14 16 21 6 19 10 12 12 18 24 26 19 26 21 22 25 24 47 17 29 13 22 20 26 13 20 21 23 28 17 22 15 16 32 30 31 16 32 29 31 15 30 18 30 19
14 0.13473097997494071 -1.8146812936324195 6.8268067478536576 246 194 200 0.16365672857922325 11 23 18 24 9 18 4 32 3 21 8 16 2 22 1 23 7 29 5 17 16 26 6 22 12 19 24 28 19 29 22 23 20 23 17 23 13 20 31 17 30 23
15 0.13486223214006091 -1.8151300911229189 6.8267996418179422 246 194 200 0.12719486859438328 11 24 18 25 9 19 4 33 3 22 8 17 2 23 1 24 7 30 5 18 16 27 6 23 12 20 24 29 19 30 22 24 20 24 17 24 13 21
16 0.43381770932943403 -1.7393741758795034 6.8272044814267936 158 29 41 0.19444439396053959 11 27 18 27 9 20 4 36 8 73 2 26 5 80 16 29 10 15 12 23 46 19 24 31 19 33 21 27 25 26 45 19 47 23 48 18 44 21 22 25 20 26 23 32 17 27 13 23 15 21
17 0.36655937371673164 -1.7166202375655917 6.8369396667276243 134 31 43 0.15414150309417887 11 28 18 28 9 23 4 38 3 29 8 19 2 31 1 30 7 35 5 26 16 33 6 25 10 17 12 24 46 20 24 32 19 34 21 28 45 22 47 24 48 19 44 22 22 26 20 27 23 33 17 28 13 24 15 22
18 0.36667560311002623 -1.7165880600369203 6.8368634435414517 134 31 43 0.14876832840903559 11 29 18 29 9 24 4 39 3 30 8 20 2 32 1 31 7 36 5 27 16 34 6 26 12 25 46 21 24 33 19 35 21 29 45 23 47 25 48 20 44 23 22 27 20 28 23 34 17 29 13 25 15 23
19 0.68366323128090656 -1.402764288040693 7.2183272415515516 173 158 22 0.2291543194840335 11 30 18 33 9 25 4 43 2 86 1 36 16 36 6 33 10 20 12 26 46 24 19 38 47 30 48 23 44 30 20 31 23 37 13 28 15 26
20 0.68366323128090656 -1.402764288040693 7.2183272415515516 173 158 22 0.2291543194840335 11 31 18 34 9 26 4 44 2 87 1 37 16 37 6 34 10 21 12 27 46 25 19 39 47 31 48 24 44 31 20 32 23 38 13 29 15 27
21 0.23860921385141939 -1.3675001881039888 7.1100801742163267 105 152 19 0.49344098507218243 11 86 18 35 9 71 4 107 8 121 2 84 1 130 7 129 5 84 16 89 6 77 6 111 10 63 12 69 46 75 24 39 19 40 14 67 25 27 45 26 47 28 48 74 29 68 44 28 22 73 23 39 17 35 13 30 43 18 15 58 36 68 32 88 31 22 30 27 28 17 39 33 37 23 34 23 40 31 35 25 38 24
22 0.23888431010031744 -1.367595157138094 7.1105804036389779 105 152 19 0.50361115824226199 11 87 18 36 9 72 4 108 8 122 2 85 1 131 7 130 5 85 16 90 6 78 6 112 10 64 12 70 46 76 24 40 19 41 14 68 25 28 48 75 29 69 44 29 22 74 23 40 17 36 13 31 43 19 15 59 36 69 32 89 31 23 30 28 28 18 39 34 37 24 34 24 40 32 35 26 38 25
25 0.54803174666040277 -1.1114677443465526 7.3216875968867674 159 180 58 1.0807215016507601 11 93 18 41 4 117 3 89 8 86 2 94 7 90 16 98 6 84 10 74 12 31 46 34 24 47 14 125 45 86 22 38 20 39 23 46 17 43 13 35
26 0.53746779313847282 -0.80406846674397436 7.5433222913125215 192 175 119 0.26398385632226223 11 138 18 42 9 84 4 169 3 141 8 91 1 101 7 144 5 95 16 105 6 134 10 78 12 38 46 89 24 53 19 49 21 36 25 34 45 92 48 86 29 41 22 43 26 35 20 96 23 51 17 88 13 39 43 148 15 71
28 0.13914480509103241 -0.64172305700736387 7.6290761788572743 201 156 106 0.8442312237120404 11 48 18 47 8 32 2 101 16 49 6 89 10 32 12 88 46 39 19 56 21 39 14 84 29 85 26 152 20 48 13 90 32 58 31 32
29 0.34546353857144502 -0.47361097249468681 7.7240876717289666 74 133 45 0.30295725375329768 11 99 18 48 9 87 4 123 1 103 7 99 5 98 6 91 12 43 46 44 24 58 19 59 25 38 45 44 47 46 48 38 44 44 22 46 20 51 17 90 13 50 15 36 31 33 30 35
30 0.022211881881065227 -0.41515698176746463 7.8798695151611327 94 158 49 0.41587258218939305 11 55 18 49 4 70 3 53 8 41 1 54 7 56 6 54 10 35 20 52
31 0.65856286801743402 -0.35646360525422871 7.9713995946748666 144 173 123 0.32784852068823556 11 58 18 51 4 127 2 63 1 56 43 112
32 0.27885344876355239 0.012158728575222533 7.921895206130273 98 134 67 1.0523973715042705 11 190 18 54 16 216 6 198 12 175 24 136 21 90 25 83 22 93 20 101 23 89 17 94 13 93 43 48
33 0.43198145460959064 0.17435682283128351 8.2588811550713306 97 133 59 1.0203774523917257 11 61 18 55 9 50 4 82 3 60 8 99 2 105 1 109 5 102 16 67 6 59 12 47 24 61 14 43 4 84 45 52 15 75 32 71 39 52
34 0.05416807153822116 -2.4683985556742094 6.5162953047024414 213 203 202 1.0688827020721356 11 66 18 56 46 1 24 5 25 2 45 2 47 4 48 2 44 0 26 59 13 56 43 0 31 48 32 79 30 46 39 59 37 47 34 50 40 59 35 46 38 50
36 0.44360339499344981 -2.293454078769547 6.4220427920915775 201 202 201 0.14571354763893407 11 107 18 62 9 54 4 135 3 110 8 60 2 69 1 72 7 68 5 105 16 68 6 99 10 44 12 55 24 69 19 69 21 53 25 48 22 56 20 59 23 62 17 64 13 58 15 42
37 0.52899918413961333 -2.2445237925764161 6.4882648439714581 189 190 192 0.16383921718331951 11 70 18 67 9 59 4 95 3 69 8 61 2 72 7 71 5 68 16 73 6 65 10 46 46 64 24 75 21 59 45 65 48 59 22 63 20 63 17 69 13 64 15 43
38 0.52899918413961333 -2.2445237925764161 6.4882648439714581 189 190 192 0.16383921718331951 11 71 18 68 9 60 4 96 3 70 8 62 2 73 7 72 5 69 16 74 6 66 10 47 46 65 24 76 21 60 45 66 48 60 22 64 20 64 17 70 13 65 15 44
39 0.64755486509877236 -2.1786502507356924 6.6056360358458699 131 137 34 0.24605616564173885 11 79 18 71 1 78 7 17 5 75 16 80 6 70 10 54 12 15 46 70 24 25 21 19 25 23 45 75 47 72 48 69 44 64 22 68 20 20 17 21 43 129 15 15
40 0.52874230198275918 -2.1521116245710425 6.5596668081118006 189 191 192 0.23518032430856664 11 81 18 72 8 66 2 77 1 80 16 81 12 63 46 71 24 79 19 79 21 68 25 57 45 76 47 73 48 70 44 65 22 69 20 68 23 69 17 74 15 53
41 0.52837510039011282 -2.1509068709706649 6.5568854634362879 189 191 192 0.28150715729103853 11 82 18 73 9 104 4 144 8 67 2 78 1 81 16 82 6 108 10 99 12 64 46 72 24 80 19 80 21 69 14 101 25 58 45 77 47 74 48 71 29 101 44 66 22 70 26 122 20 69 23 70 17 75 13 101 43 128 15 54
42 0.044011620167609539 -2.068061888265496 6.7272665803621994 207 176 154 0.30811606150419346 11 83 18 74 9 69 4 103 3 75 8 69 2 80 1 84 7 23 5 78 16 84 6 72 10 58 12 65 24 81 19 82 21 71 25 60 47 18 29 105 22 71 26 127 20 72 23 71 17 77 13 70 36 144 32 119 31 94 30 81 39 76 37 64 34 72 41 14 40 79 35 65 38 66
43 0.10379806597690658 -1.3951755597705988 7.1448330095856534 83 159 5 0.32106634472974999 11 84 18 76 9 110 4 148 3 124 8 119 2 126 1 128 7 127 5 120 16 130 6 109 10 61 12 67 46 23 24 83 19 36 21 72 14 65 25 62 45 25 48 22 29 66 44 26 22 28 26 78 20 76 23 35 17 33 13 71 15 56 36 70 32 90 31 67 30 59 39 36 34 76 41 29 35 70
44 0.10373234868414344 -1.3948651639309431 7.1439324566251168 83 159 5 0.31870368299438934 11 85 18 77 9 111 4 149 3 125 8 120 2 127 1 129 7 128 5 121 16 131 6 110 10 62 12 68 24 84 19 37 21 73 14 66 25 63 29 67 44 27 22 29 26 79 20 77 23 36 17 34 13 72 15 57 36 71 32 91 31 68 30 60 39 37 37 25 34 77 41 30 40 33 35 71
45 0.73274499075232491 -1.3626741481053242 7.2874438114215279 161 143 14 0.73815358959371724 11 124 18 78 9 116 4 152 2 132 1 93 7 131 5 86 5 123 16 133 6 114 10 105 12 111 24 85 14 70 29 25 20 80 23 73 17 78 43 140
46 0.066601203215940694 -1.2904407564836955 7.240895265851818 68 168 10 0.26780297897396321 11 127 18 79 9 117 4 153 3 127 8 123 2 133 1 132 7 132 5 124 16 134 6 115 10 106 12 114 24 88 19 86 21 74 25 64 48 76 29 120 22 75 26 143 20 81 23 74 17 79 15 61 36 118 32 133 31 105 30 91 39 81 37 70 34 83 41 96 40 82
47 0.066606482570007106 -1.2905840871018726 7.2409092551558389 68 168 10 0.27303158846931663 11 128 18 80 9 118 4 154 3 128 8 124 2 134 1 133 7 133 5 125 16 135 6 116 10 107 12 115 24 89 19 87 21 75 25 65 48 77 29 121 22 76 26 144 20 82 23 75 17 80 13 73 15 62 36 119 32 134 31 106 30 92 39 82 37 71 34 84 41 97 40 83
52 0.23425515912698766 -1.0071046653558566 7.3647516426800363 175 187 157 0.40304152203235316 11 94 18 88 9 80 3 90 8 133 2 141 1 143 7 141 16 147 6 129 10 75 12 82 19 46 22 85 20 89 23 84 15 69 32 97 30 67
53 0.029365267735181732 -0.87116800308134723 7.5652494121595248 182 197 158 0.70012834616006459 11 97 18 90 9 129 4 199 9 154 3 174 8 136 1 178 7 143 7 177 5 136 5 169 16 150 6 164 6 133 10 118 12 125 21 114 14 132 25 104 22 87 22 110 20 91 20 122 23 112 13 116 30 111
54 0.60645993516002117 -0.84283603058992596 7.6311855768522783 124 128 39 1.5413911819379511 11 137 18 91 9 130 7 145 5 137 6 135 10 119 12 86 24 100 21 85 14 81 45 91 47 84 29 40 22 88 19 97 20 94 17 48 13 88 43 147 15 70
55 0.081003440095238965 -0.79640990521323873 7.5576894050065659 183 198 158 0.81939104288792286 11 98 18 92 9 85 3 142 8 137 2 144 1 145 7 146 5 138 16 151 6 136 10 79 12 87 46 37 19 98 24 101 21 86 25 79 45 36 47 43 48 32 48 33 44 41 22 42 20 46 20 95 23 50 17 49 17 51 13 89 15 33
56 0.28234317858085672 -0.37336779453573865 7.8172784237714916 141 163 109 0.46431083323255196 11 101 18 95 9 90 4 171 3 144 8 138 2 146 1 148 7 148 5 140 16 154 6 138 12 92 46 47 24 103 19 99 21 42 25 40 29 88 22 90 20 53 23 55 17 91 43 106 15 72 36 41 31 37 30 37
57 0.15233738945273684 -0.3297338711633474 7.8035520766643547 149 170 120 1.3012824735940782 11 102 18 97 9 91 2 103 1 149 10 80 48 88 29 47 22 91 26 39 13 91 36 42 31 39
58 0.07713113694387555 -0.31054676033709905 7.920403637874915 155 176 119 0.51889942667598654 11 140 18 98 9 131 4 173 3 145 8 139 7 149 5 141 16 156 6 140 10 121 12 128 46 91 24 104 19 101 21 89 25 81 45 96 47 87 20 99 23 88 17 92 15 103 31 82
59 -0.02837837205996379 -2.4541048589192158 6.5325982405638729 225 210 199 0.79508166267114899 11 104 18 99 9 95 4 177 3 151 8 142 2 150 1 154 7 152 5 146 10 89 12 95 24 107 19 104 21 92 14 91 25 85 29 153 22 94 26 162 20 102 23 91 17 96 36 160 31 128 30 102 39 96 37 112 34 132 34 149 41 113 41 148 35 87 38 85 38 110
60 0.083454587404609287 -2.363655546240313 6.4834772646634944 207 177 149 0.39878433482223224 11 105 18 100 9 96 4 134 3 108 8 101 2 108 1 114 7 108 5 104 16 117 6 97 10 90 12 96 24 108 19 106 21 93 14 92 25 86 45 4 47 58 29 95 22 95 26 113 20 103 23 93 17 97 13 94 36 96 32 111 31 88 30 77 39 97 37 85 34 98 41 114 40 95 35 89 38 87
61 0.52872063007121128 -2.3000287957518362 6.4501244732513214 187 186 188 0.25119257299701736 11 108 18 101 9 97 4 136 3 111 8 102 2 109 1 115 7 109 5 106 16 118 6 100 10 91 12 97 24 70 19 70 21 94 14 93 25 49 22 57 26 61 20 104 23 94 17 98 13 95 15 76 36 1
63 0.48370122574356161 -2.2640762127178857 6.4558743086671191 13 13 13 0.17323401636286942 11 110 18 103 9 99 4 138 3 113 8 105 2 111 1 117 7 112 5 109 16 120 6 102 10 93 12 99 46 99 24 73 18 65 19 73 21 56 14 50 25 52 45 105 47 97 48 96 44 92 22 61 20 60 23 65 17 67 13 61 13 97 15 78
64 0.43167024970595158 -2.2435754819893439 6.45824430328594 184 186 185 0.27236386709559401 11 111 18 104 9 100 4 139 3 114 8 106 2 112 1 118 7 113 5 110 16 121 6 103 10 94 12 100 46 100 24 110 19 75 21 58 14 95 25 54 45 64 47 62 48 58 29 98 44 57 22 62 26 65 20 62 23 67 17 100 13 98 43 69 15 79 36 53 32 81 31 51 30 49
65 0.26406641244244472 -2.1267986533168304 6.5246849536883369 55 34 22 1.0240961983762971 11 115 18 106 9 137 11 146 4 180 3 153 8 145 2 151 1 158 7 154 5 148 16 162 6 146 12 103 46 102 24 112 19 111 21 98 25 92 45 108 47 98 48 99 29 102 44 93 22 97 26 125 20 107 23 97 17 103 13 102 43 75 15 83 36 101 32 115 31 91 30 79 39 152 37 138 34 159 41 151 40 167 35 137 38 133
67 0.69584924216389921 -1.6913921663758806 6.9818048236356036 146 18 30 0.55264264353621617 11 118 18 111 9 107 4 147 3 123 8 117 2 125 1 126 7 126 5 119 16 127 10 101 12 105 46 110 24 115 19 113 21 102 14 106 25 94 45 115 47 106 48 107 44 100 22 99 20 109 23 101 17 107 13 105 43 135 15 86 28 84
68 0.076695225288354221 -1.4576260250562312 7.1174592182039156 193 185 43 0.38325997612624635 11 121 18 113 9 144 4 191 3 165 8 153 1 169 7 165 5 158 16 170 6 156 10 102 12 107 24 117 19 117 21 105 14 110 25 96 29 112 44 101 22 101 26 132 20 112 23 103 17 109 13 107 15 88 36 109 32 124 31 96 30 84
69 0.047371279111873929 -1.3582639242394743 7.202624914501552 198 189 52 0.41159939578335059 11 122 18 114 7 168 5 162 16 132 10 103 12 109 24 120 21 107 25 98 29 114 26 139 20 113 17 111 13 109 15 91 36 114 32 130 31 101 30 87 39 112 37 97 34 111 41 127 40 110
70 0.047312290276479076 -1.3582707808245182 7.2057489171009017 198 189 52 0.34534163156097253 11 123 18 115 7 169 5 163 10 104 12 110 24 121 21 108 14 117 25 99 29 115 26 140 20 114 17 112 13 110 15 92 36 115 32 131 31 102 30 88 39 113 37 98 34 112 40 111
71 0.34030790120583249 -1.3042904353103073 7.1345323419433431 200 172 49 0.44474240133326759 11 125 18 116 9 147 4 194 3 169 8 156 2 160 1 173 7 170 5 164 16 174 6 159 10 133 12 112 46 116 24 122 19 119 21 109 25 100 45 119 47 110 48 111 29 116 44 103 22 103 26 137 20 116 23 106 17 113 13 111 43 139 15 93 36 111 32 128 31 99 28 65
72 0.34047972759831757 -1.3058190403166146 7.141297997777647 200 172 49 0.39606245475151952 11 126 18 117 9 148 4 195 3 170 8 157 2 161 1 174 7 171 5 165 16 175 6 160 10 134 12 113 46 117 24 123 19 120 21 110 14 71 25 101 45 120 47 111 48 112 29 117 44 104 22 104 26 138 20 117 23 107 17 114 13 112 15 94 36 112 32 129 31 100
73 0.3113723952728169 -1.2413876507061381 7.1801677820441752 86 161 26 0.43725386682626632 11 130 18 118 9 119 4 196 3 171 8 158 2 162 1 175 7 172 5 166 16 177 6 117 10 108 12 116 46 118 24 124 19 121 21 111 14 121 25 102 45 121 47 113 48 113 29 122 44 105 22 105 26 141 20 118 23 108 17 115 13 113 43 141 15 96 31 103 30 89 28 67
75 0.39555606815163036 -1.0452543122989895 7.3241332548044511 77 163 29 1.6728920240944847 18 123 9 152 8 161 4 162 1 140 7 175 5 132 16 144 6 126 10 137 12 120 46 84 19 93 45 125 48 117 22 83 26 87 23 82 43 97
78 0.35843460327861637 -0.22775214323737225 7.918944221822537 172 186 142 0.39799439294602384 11 162 18 129 9 158 4 203 3 178 8 169 2 173 1 182 7 181 5 173 16 183 6 168 10 143 12 147 46 125 24 133 19 127 21 118 14 166 25 109 45 130 47 122 48 123 29 148 46 143 44 113 22 113 26 157 20 127 23 116 17 121 13 118 13 140 43 152 15 125 36 89 32 103 31 81 30 73 28 71
79 0.29078873732271321 0.077638263842636682 8.1330957999239093 141 158 127 0.57743325582267957 11 141 18 130 4 204 3 182 2 174 1 183 7 182 5 175 16 188 6 171 12 129 46 129 19 129 14 139 25 113 22 115 20 129 23 117 17 122 13 120 43 50 15 105 30 74
80 0.28416351541734092 -2.3894347763086174 6.3446191673613868 52 37 27 0.32393825247624969 11 167 18 137 9 163 16 193 10 149 12 152 46 132 24 139 19 135 21 125 14 149 25 118 45 133 47 124 48 127 29 136 44 117 22 119 26 160 20 132 23 120 17 131 13 121 43 121 15 128 28 2
81 0.28677482657908965 -2.3864413841397862 6.3334201434474107 52 37 27 0.59984683804915118 11 168 18 138 9 164 4 206 3 184 8 172 2 175 1 184 7 184 5 179 16 194 6 172 10 150 12 153 46 133 24 140 19 136 21 126 14 150 25 119 45 134 47 125 48 128 29 137 44 118 22 120 26 161 20 133 23 121 17 132 13 122 15 129 36 140 32 162 31 127 30 99 39 149 37 135 34 156 41 146 40 164 35 132 38 130
82 0.16956465750470581 -2.4015004174836365 6.400362537727518 196 181 176 0.77535314145402157 11 144 18 139 9 133 4 176 3 150 8 141 2 149 1 152 7 151 5 144 16 159 6 143 10 122 12 131 19 137 45 101 47 93 48 92 29 138 44 88 20 134 23 3 23 92 19 105 15 1 15 106 31 87 30 3
83 -0.024076601943056358 -2.3616961402072909 6.6014554544187822 158 144 133 0.44208682381521713 11 169 18 140 9 165 4 207 3 185 8 173 2 176 1 185 7 185 5 180 16 195 6 173 10 151 12 132 46 96 24 141 19 138 14 168 45 102 47 94 48 93 44 89 23 122
84 -0.025218623190873805 -2.3694807675227474 6.6041069305454467 158 144 133 0.94331284784009772 11 170 18 141 12 133 24 142 19 139 21 127 25 120 29 173 22 121 26 201 23 123 20 135 36 185 32 183 31 161 39 155 30 137 37 143 41 183 40 175 35 135 35 144 38 137
86 0.71493881745320009 -1.8796380350500044 6.8830471356951426 140 14 8 0.376524869280287 11 147 18 144 9 138 4 184 3 159 8 176 2 152 1 162 7 157 5 152 16 163 6 149 10 125 12 134 46 137 24 143 19 143 21 129 25 122 45 139 47 128 48 133 29 141 44 124 22 124 20 139 23 127 17 133 13 123 43 160 15 107 28 82
87 0.63476313548504126 -1.8469083970010953 6.8740349727095822 164 18 19 0.98843633592377589 11 148 18 145 4 185 3 160 8 147 2 153 1 163 7 158 5 153 16 164 6 150 10 126 46 107 11 117 21 130 14 59 25 123 45 141 45 112 47 103 48 104 44 97 22 125 26 129 20 140 13 104 13 125 15 85 15 108 31 59 30 56
88 0.45324323801725708 -1.8069543225534865 6.7905488050299638 176 19 19 0.33415801435963632 11 149 18 146 9 168 4 209 3 188 8 177 2 179 1 188 7 188 5 183 16 198 6 175 10 154 12 135 46 138 24 144 19 144 21 131 14 153 25 124 45 140 47 129 48 134 29 143 44 125 22 126 26 167 20 141 23 128 17 134 13 124 43 161 15 132 36 145 31 117 30 106
89 0.10719744225035292 -1.6575212772378902 6.9654895363600939 188 26 34 0.35632494245232676 11 150 18 147 9 139 4 187 3 161 8 150 2 154 1 165 7 162 5 155 16 166 6 153 10 127 12 136 46 108 19 114 14 107 45 113 47 104 48 105 29 144 44 98 22 127 26 170 20 142 23 129 17 135 13 127 15 109 36 149 32 147 31 119 30 109 39 131 37 119 34 141 41 123 40 138 35 120 38 115
91 0.38532676589436488 -1.3623325903391177 7.0967633626851976 70 161 21 0.42056431743321715 11 155 18 153 9 146 4 193 3 167 8 155 2 158 1 172 5 160 6 157 10 132 46 113 14 114 45 118 47 109 48 109 29 113 44 102 26 133 43 138 15 114 32 125 31 97 30 85
92 0.61888094787534464 -1.3238940318392798 7.2013536884460416 180 160 27 0.63316212023235341 11 156 18 154 9 149 4 151 9 115 3 126 2 131 16 176 6 113 6 161 10 135 12 140 21 134 14 118 45 142 47 130 48 137 44 128 22 132 20 115 23 105 17 138
94 0.43587208081780426 -0.70251559758777549 7.5599348755939753 183 161 119 0.46553578520352945 11 159 18 160 9 156 4 200 3 176 8 165 2 169 1 179 7 179 5 171 16 179 6 165 10 139 12 143 46 121 24 129 19 125 21 116 14 133 25 106 25 128 45 127 47 118 48 119 29 130 44 109 22 111 26 95 20 124 23 113 17 118 13 117 31 77 36 35 30 69
95 0.37907180396759316 -0.56600634447628362 7.6795545799093494 80 159 26 0.36825822309790063 11 161 18 161 9 170 4 213 3 195 8 181 2 187 1 196 7 193 5 186 16 201 6 181 10 141 12 146 24 149 19 152 21 138 14 164 25 130 48 140 29 147 44 134 22 137 26 154 20 150 17 143 13 139 15 122 36 128 32 137 31 109 30 97
96 0.4907745438687181 -0.051696124273657919 8.1103031396026548 146 166 120 0.6559442533601989 11 164 18 162 4 214 3 196 8 182 2 188 1 197 7 195 5 188 16 186 10 144 12 149 46 144 24 134 46 127 19 128 19 153 21 119 21 139 14 185 25 110 25 131 45 131 47 135 48 124 29 150 44 115 22 114 22 138 26 177 20 151 23 133 17 144 13 142 43 153 15 126 36 133 32 139
97 0.49152839443944601 -0.049156504027069864 8.1025095890978829 146 166 120 0.39334235541282564 11 165 18 163 9 171 4 215 3 197 8 183 2 189 1 198 7 196 5 189 16 187 6 182 10 145 12 150 24 135 19 154 21 120 21 140 14 186 25 111 25 132 45 132 46 128 47 136 46 145 48 125 48 143 44 116 22 139 20 152 23 134 17 145 13 143 43 154 15 127 28 92
99 0.35080028724116619 -2.2295006773916746 6.4761491307659744 28 24 17 0.55380153493788509 11 177 18 168 9 175 4 218 3 202 8 187 2 195 1 204 7 201 5 194 16 205 6 185 10 158 12 163 46 162 24 153 19 159 21 144 14 171 25 136 45 165 47 155 48 162 29 176 44 153 22 143 26 180 20 157 23 139 17 150 13 148 43 174 15 135 36 161 32 164 31 130 30 116
100 0.23002515749354521 -2.204320569813969 6.5173218068848371 203 189 183 0.43292846846561761 11 172 18 169 9 166 4 208 3 186 8 174 2 177 1 186 7 186 5 181 16 196 6 174 10 153 12 155 46 148 24 154 19 160 21 145 14 190 25 137 45 149 47 140 48 145 29 156 44 137 22 144 26 204 20 158 23 140 17 151 13 149 43 156 15 131 36 162 32 165 31 131 30 117 28 58 39 99 34 137 41 115 40 137 35 117 38 112
101 0.51353592412806093 -1.7203029776649059 6.8611510538237956 207 187 186 0.40461143703286578 11 181 18 172 9 178 4 223 3 205 8 190 2 202 1 209 7 206 5 199 16 207 6 188 10 161 12 166 46 151 24 158 19 164 21 149 14 194 25 141 45 169 47 161 48 165 29 178 22 148 26 209 20 172 23 143 17 164 13 159 43 184 15 139 31 118 30 108 28 114
102 0.37535984185458415 -1.6248908220818352 6.8850775904946273 183 25 30 0.54965282152294836 11 182 18 173 9 179 4 224 3 206 8 191 2 203 1 210 7 207 5 200 16 208 6 189 10 162 12 167 46 152 24 159 19 165 21 150 14 175 25 142 45 152 47 143 48 148 29 157 44 141 22 149 26 184 20 162 23 144 17 157 13 160 43 179 15 140 36 164 32 167 31 134 30 120 28 101
103 0.32683311707393209 -0.50884886735113988 7.7119232549834571 77 168 38 0.37083361001214799 11 187 18 174 9 185 4 231 3 213 8 198 2 208 1 214 7 211 5 204 16 212 6 193 10 167 12 172 24 160 19 166 21 151 14 181 25 145 47 149 29 162 44 149 22 151 26 190 20 163 23 146 17 158 13 152 15 145 36 167 32 153 30 126
104 0.52311331313745013 -0.40120690787812524 7.8361516889838363 154 170 126 0.54905728935990239 11 189 18 175 9 187 4 233 3 216 8 201 2 211 1 217 7 213 5 207 16 215 6 197 10 169 12 174 46 169 24 163 19 168 21 160 14 182 25 147 45 170 47 164 48 167 29 164 44 151 22 153 26 37 20 165 23 148 17 160 13 166 43 189 15 133 31 165 30 141 28 120
105 0.24730326710183692 -2.3046868321564058 6.4410270806331322 185 174 162 0.56508650691500617 11 176 18 177 9 173 4 216 3 200 8 185 2 193 1 202 7 199 5 192 16 203 6 183 10 157 12 162 46 161 24 165 19 170 21 156 14 189 25 151 45 164 47 154 48 161 29 172 44 136 22 155 26 200 20 168 23 150 17 161 13 154 43 173 15 134 36 172 32 163 31 129 30 115 28 57 39 62 37 83 34 99 41 69 40 64 35 49 38 86
106 0.68330095145971215 -2.2272182561877254 6.6169166447727941 116 114 9 0.55677278021320631 11 178 18 178 9 176 4 219 3 203 8 188 2 196 1 205 7 202 5 195 16 206 6 186 10 159 12 164 46 164 24 166 19 171 21 157 14 191 25 152 45 167 47 157 47 169 46 174 48 172 29 155 44 155 44 162 22 156 26 119 20 169 23 151 17 162 13 155 43 195 15 136 31 1 28 113
107 0.16250950251673235 -1.7526174242352754 6.8767947501042004 235 199 205 0.54753142145041744 11 179 18 179 9 177 8 189 2 201 1 208 7 205 5 198 10 160 12 165 46 166 24 167 19 172 14 192 25 155 45 168 47 159 48 164 29 177 44 157 22 158 26 210 20 171 23 152 17 163 13 157 15 138 36 178 32 178 31 149
108 0.29575530197969768 -1.7179708098113362 6.8615713770885085 100 53 62 0.85812529233419077 11 180 18 180 4 222 3 31 6 27 46 167 14 193 47 160 4 236 29 179 26 211 13 158 43 183 36 177 32 177 30 134 28 100
109 0.56078772021137557 -1.6249071867473157 6.9313085880141188 175 17 22 1.4484348363286212 11 183 18 181 9 180 4 225 3 207 8 192 2 204 1 211 7 208 5 201 16 209 6 190 10 163 12 168 46 153 24 168 16 220 19 173 21 158 14 195 45 153 47 162 48 149 44 142 22 159 20 173 23 153 17 165 13 161 15 141 28 102
110 0.56107164081606675 -1.624803490797424 6.929799018752262 175 17 22 1.4747840412283213 11 184 18 182 9 181 4 226 3 208 8 193 2 205 1 212 7 209 5 202 16 210 6 191 10 164 12 169 46 154 24 169 19 174 14 196 45 154 48 150 44 143 22 160 26 183 20 174 23 154 17 166 21 159 13 162 15 142 28 103
111 0.85700100457875261 -2.5070305362832541 6.604775577951834 11 12 6 1.2233522803351058 11 198 18 186 9 195 4 244 3 220 5 209 16 224 6 206 10 185 12 183 24 173 19 177 21 155 21 172 14 211 25 150 25 158 22 164 20 177 23 157 17 170 13 168 15 154
112 0.57024930678099883 -2.0832304194292415 6.6294266873427832 9 11 10 0.46006627696666014 11 192 18 187 9 188 4 247 16 217 6 209 10 171 12 176 46 175 24 174 19 178 21 162 14 202 25 159 45 175 47 170 48 173 29 190 44 163 22 165 26 207 20 178 23 158 17 171 13 169 43 196 15 148 28 128
113 -0.052042346971981845 -2.061333891773415 6.8489535458040232 14 14 11 1.434385480095961 11 193 18 188 9 189 4 235 3 221 8 208 2 214 1 220 7 217 5 211 16 218 6 201 10 172 46 136 24 175 21 163 25 153 47 127 44 123 22 157 22 166 20 179 23 159 17 172 26 226 36 195 34 175 37 160 39 173 40 196 35 161 38 153
114 -0.06977895995712434 -1.321917511191472 7.3911968026813062 69 189 16 1.0674000856347514 11 203 18 190 9 198 16 228 6 211 10 181 12 189 46 157 19 187 21 165 14 204 25 161 45 157 47 147 48 153 44 146 22 168 20 181 23 166 17 181
115 0.56021533976834015 -0.92316055234510241 7.5382768306820189 185 162 111 0.84324468053337909 11 204 18 192 9 199 4 249 3 234 8 210 2 222 1 228 7 226 5 221 16 230 6 212 10 182 12 190 46 177 24 178 19 181 21 167 14 206 25 163 47 172 48 175 29 181 22 170 20 183 23 162 17 175 13 171 15 158 29 193 28 129
116 0.28825484509303362 -0.072610905077101232 8.0636803241183195 103 133 61 1.286094884073844 11 196 18 193 9 192 8 211 2 225 1 221 7 229 5 213 10 175 12 181 46 182 24 181 21 170 14 208 25 165 45 179 47 177 48 180 44 168 20 187 13 174 43 192 15 153 32 140 28 108
117 0.39739539060070866 -2.3585124560378778 6.3560808089461922 15 10 6 0.61895199097649489 11 199 18 196 9 194 4 243 3 231 8 206 2 219 1 224 7 222 5 218 16 223 6 205 10 178 12 184 24 182 19 184 21 174 14 212 25 167 22 173 26 224 20 188 23 163 17 178 13 176 43 1 15 155 32 3 28 39
118 0.83990585316745836 -2.2574139234168564 6.8106210229113815 11 10 2 0.367525256775596 11 200 18 197 16 225 12 186 14 213 22 175 13 177
119 0.31814514690285217 -2.0740892971600533 6.5689354004280949 13 10 8 0.48295537939623806 11 201 18 198 9 196 4 246 3 232 8 207 2 220 1 226 7 224 5 219 16 226 6 208 10 179 12 187 46 186 24 184 19 185 21 175 14 214 25 168 45 182 47 181 48 183 29 198 44 171 22 176 26 217 20 189 23 164 17 179 13 178 43 204 15 156 36 186 31 162 30 138 28 126
121 0.79394930524157559 -1.8405060200523082 6.8461833373583083 50 132 2 0.73441988046590678 11 207 18 200 9 202 8 213 2 227 1 232 7 230 5 224 16 234 6 217 10 186 12 192 24 186 19 188 21 177 14 218 25 170 22 179 20 191 23 167 17 182 13 181 15 159
122 0.66638033366518701 -1.6774053123328678 7.025513756576454 163 17 29 2.022155326995497 11 212 18 204 9 209 4 257 3 247 8 222 2 236 1 240 7 239 5 233 16 246 6 223 10 194 12 197 24 191 19 193 21 183 14 224 25 174 29 206 22 186 20 200 23 171 17 187 13 186 15 169 30 135 31 150 36 163 32 146
123 0.80544291491409903 -2.3087910528304372 6.6439638066420805 132 134 57 1.744087825216641 18 9 9 7 4 11 1 77 46 5 19 13 14 9 20 7 13 7 43 70 15 7 28 7 28 8
126 0.15308701857145857 -2.1892611104223478 6.5682587728066224 125 75 45 0.41822282564716923 11 15 9 14 4 20 3 15 2 14 1 17 7 15 5 13 16 18 16 19 12 13 29 7 26 9 36 13 32 20 31 12 30 17 39 25 37 17 34 14 40 21 35 20 38 15
127 0.15293396954444841 -2.183582714437144 6.5601294172609146 125 75 45 0.29846389462700518 11 16 9 15 4 21 3 16 2 15 1 18 7 16 12 14 29 8 31 13
128 0.7362193204397216 -1.797741763481246 6.9730589701278696 86 22 23 0.22888209599937318 11 26 9 22 3 28 8 18 2 30 1 29 5 25 16 31 10 13 46 16 45 16 47 20
129 0.39442852202383066 -1.3045382330504336 7.1439412438224084 72 141 0 0.33341082156669199 18 37 9 27 4 109 3 83 7 84 12 28 46 26 24 42 21 31 14 18 25 30 45 28 47 34 48 25 44 32 22 31 20 34 23 42 17 38 43 22 36 23
132 0.089120942070968157 -1.1063729237970681 7.4103725299636825 65 130 7 1.4067212394414887 11 37 9 31 4 49 3 37 1 39 7 45 5 33 6 39 10 23 12 34 20 41 23 47 13 36 30 64 30 65 31 73 39 41 37 29 34 29 40 38 35 33 38 76 17 85
133 0.52748003030532653 -0.97948519842961257 7.4191451564797797 168 158 96 1.5768017113127981 11 40 9 34 8 27 10 26 12 35 19 47 45 32 47 42 44 36 26 32 17 44 17 47 13 38 15 32 30 31
134 -0.036654196138663657 -0.73613187802496316 7.7081115119173731 191 168 79 0.91822969511023 11 47 9 40 4 121 8 31 16 48 19 52 14 83 25 37 45 38 29 82 26 98 20 47 13 42 36 86 30 71 34 145 39 136 41 163 40 144 38 118
135 0.40832403956635749 -0.49971404753773097 7.7261161401968899 186 207 164 0.13568629750189984 11 49 9 42 4 63 3 48 2 57 1 49 16 54 6 49 13 48
139 0.23288852021002074 -0.28714861388764201 7.8664433119402331 86 121 53 0.26719225508768457 11 59 9 46 4 72 3 56 8 44 1 57 7 58 16 63 6 55 10 37
140 0.23263701444639676 -0.28737337119356038 7.8672483596652283 86 121 53 0.25947128945686093 11 60 9 47 4 73 3 57 8 45 1 58 7 59 16 64 6 56 10 38 13 53
142 0.72985790684404994 -2.3548353180364598 6.5583307777394344 140 142 141 0.55540147928463579 18 61 9 55 4 91 3 66 2 70 1 73 7 69 5 67 16 69 6 62 10 45 12 54 24 10 14 7 25 9 47 60 29 57 44 3 26 2 20 2 13 57 43 64 28 42
143 0.91922343557724806 -2.4689399140645203 6.7657241119367431 23 22 20 0.70799549426926811 11 69 9 56 4 94 8 3 2 3 1 3 7 4 5 4 10 43 12 52 19 6 21 2 25 5 23 6 17 2 13 2 15 3
146 0.48036485341881618 -2.2278138788212578 6.489975222055719 12 12 12 0.22441800253301933 18 69 9 61 3 71 8 63 2 74 1 74 7 73 5 70 10 48 12 58 21 62 45 68 47 63 48 62 15 45
147 0.48149339049595002 -2.2253715315613789 6.4841588767832841 12 12 12 0.29833993530098152 18 70 9 62 3 72 8 64 2 75 1 75 7 74 5 71 10 49 12 59 21 63 45 69 47 64 48 63 15 46 30 7
148 0.76877929541314705 -2.2778964078843758 6.6583798701485 16 12 0 0.27917513953988604 11 73 9 64 4 14 3 9 8 7 2 10 1 13 7 10 16 75 6 10 10 51 12 9 46 66 25 16 45 70 47 65 44 58 22 65 20 10 23 19 17 12 13 10 15 48 43 73 48 64
149 0.76835896039283769 -2.2797673457901309 6.6630207183777284 16 12 0 0.22503027190544944 11 74 9 65 4 15 3 10 8 8 2 11 1 14 7 11 5 11 16 76 6 11 46 67 45 71 47 66 48 65 44 59 22 66 20 11 23 20 17 13 13 11 15 49
150 0.59699374358608948 -1.7664242351212334 6.8712217150240358 154 22 27 0.20597331150968198 11 25 9 70 4 106 3 79 8 74 2 82 1 88 7 82 5 81 16 86 6 74 10 60 12 66 24 30 19 31 25 25 45 79 47 19 48 73 23 31 17 25 15 19
151 0.6869678882960838 -1.3350312311974899 7.2589514845747596 173 148 20 0.6525071585240646 11 88 9 75 4 110 2 88 1 95 16 91 6 79 10 67 46 77 24 41 21 30 14 20 25 29 45 80 48 78 47 76 44 70 22 30 20 33 23 41 17 37 43 89 15 60
154 0.75883407783546697 -1.0092454125182062 7.5378991235674544 91 108 4 1.1715717740455835 11 38 9 81 4 120 3 92 8 89 2 96 1 40 7 91 5 93 16 100 6 86 10 25 46 86 14 29 45 87 48 30 17 46 44 38 15 30
156 -0.02760769347047989 -0.88299839022289672 7.5783239563093279 89 128 27 0.6177497838922712 11 96 9 83 4 167 3 94 8 90 2 98 1 100 7 93 5 94 16 104 6 87 10 77 12 84 24 99 21 83 14 80 25 78 22 86 20 92 30 96 39 84 37 73 34 87 41 102 40 85 35 78 38 77
158 0.11601776921741772 -0.4392664054878786 7.7537187363404065 75 143 38 2.3833296957489507 11 100 9 89 4 125 2 102 3 97 1 104 7 100 16 109 1 105 6 93 6 94 10 34 12 44 46 45 24 60 21 40 25 39 45 43 45 45 47 47 16 214 48 37 48 39 29 46 22 47 44 45 17 56 13 51 31 35 30 36 37 35 39 46
160 0.78854762127686417 -2.246939710629416 6.7041038703517044 128 127 22 0.60274911097722506 11 114 9 103 4 142 3 117 8 111 2 117 1 123 7 119 5 115 16 123 6 105 10 98 12 102 46 68 19 78 24 77 14 98 21 66 25 55 45 74 47 69 48 67 22 67 44 62 20 67 23 68 17 73 17 101 13 100 43 125 15 81 28 60
161 0.15068296611421964 -1.9886857225167101 6.7204727430635103 37 26 26 0.9447788272797657 18 108 9 106 4 104 3 76 8 70 2 81 1 85 7 81 7 123 5 16 16 85 6 73 10 59 46 103 19 83 19 112 21 99 25 93 47 99 48 100 29 106 44 18 44 94 26 128 20 108 20 138 23 99 17 104 43 76 15 17 36 106 32 87 31 57 30 54 30 105 39 29 34 18 40 26 35 23
162 0.66500733519076149 -1.4738081063673403 7.1658108111170931 173 152 20 0.82580476448632778 11 120 9 108 1 127 24 82 14 111 25 61 47 107 26 74
164 0.16129243388049044 -1.0329011678525608 7.3542137386349147 182 189 154 1.5857286897420342 11 134 9 125 4 164 3 137 8 132 2 140 1 142 7 140 5 134 16 146 6 128 10 114 12 122 46 35 14 159 25 32 47 82 20 42 13 83
165 0.38385243774775218 -0.12888023539349847 7.997405870615494 113 136 76 0.79084461022992802 11 103 9 132 4 174 3 147 8 140 2 147 1 150 7 103 5 142 16 112 6 141 10 84 12 94 46 92 24 105 19 102 25 82 47 89 48 43 45 49 29 90 22 92 26 108 20 100 17 93 13 92 43 45 15 73 36 90 32 66 30 38
166 0.10974027077268624 -1.6546543923125867 6.9579774021883356 196 28 39 0.30149463046109942 18 148 9 140 16 167 14 108 48 106 29 145 44 99 26 171 20 143 17 136 13 128 15 110 36 150 32 148
168 0.73502071895305998 -1.4146410669958418 7.2288670183735251 167 145 16 0.30406292983509237 11 154 9 145 3 168 2 159 7 167 5 161 16 173 6 158 10 131 19 118 21 106 14 113 25 97 29 65 22 102 23 104 17 110 13 108
169 0.33358244183858105 -1.1764812327006473 7.2211576100283033 190 166 30 0.4051480537296091 18 121 9 151 4 198 3 173 8 160 2 166 1 177 7 174 5 168 6 162 10 136 24 126 19 123 14 123 45 123 47 115 48 115 29 126 44 107 22 108 26 145 20 120 23 110 17 117 13 115 43 144 15 98
170 0.39555606815163036 -1.0452543122989895 7.3241332548044511 59 157 8 1.6728920240944847 18 124 9 153 4 163 8 162 1 141 7 176 5 133 16 145 6 127 10 138 12 121 46 85 19 94 45 126 48 118 22 84 26 88 23 83 43 98
172 0.15795581401511882 -0.12747253322011465 8.0074254259931745 169 170 153 0.59644802275246023 11 163 9 159 3 179 6 169 12 148 13 119 13 141 15 104 36 134 37 79
173 -0.087925258756290453 -2.5166053396187902 6.4969053369047742 157 28 23 0.51877193418675904 18 136 9 162 4 131 3 65 8 57 2 66 1 69 5 64 16 192 10 148 24 138 18 135 19 134 21 124 14 147 14 148 25 117 22 118 20 130 20 131 23 119 17 129 17 130
176 -0.081879765680113015 -2.6684226048400297 6.5440650084105503 247 235 135 1.2201251388306578 11 191 9 172 2 192 3 199 8 184 1 201 7 198 5 191 16 202 10 170 24 164 19 169 21 153 25 148 29 169 22 154 26 216 20 166 23 149
177 0.62462906789976291 -1.0333759204070778 7.3797672062534128 47 149 1 1.1426467989374589 11 185 9 182 4 227 3 209 8 194 5 203 16 211 6 192 10 165 12 170 4 237 46 168 14 176 25 143 47 163 13 163 15 143 43 185
178 0.28005504314338842 -0.60571445728830065 7.6553984788798788 177 145 94 0.80311569239749414 4 230 3 211 8 196 2 206 46 158 2 207 3 212 8 197 14 179 45 159 47 148 48 166 29 160 29 161 44 147 22 150 26 188 26 189 23 145 43 170 36 155 36 156 32 151 32 152 31 137 31 138 30 124 30 125 34 90 37 33 39 45 40 88 38 81
179 0.32729930467377294 -0.50890844656438627 7.711159570074158 65 158 27 0.32624395451330052 11 188 9 186 3 214 8 199 2 209 1 215 5 205 16 213 6 194 10 168 12 173 24 161 19 167 21 152 25 146 47 150 29 163 44 150 22 152 20 164 23 147 17 159 13 153 15 146 36 168 32 154 30 127
180 0.94250873943559654 -0.3443140318882561 7.6350905222074985 211 210 208 2.1262634152958459 11 175 9 191 10 156
181 -0.20462387654986727 0.16265605609006076 8.6497489852468927 100 206 48 0.92343241935159515 11 197 9 193 4 242 3 229 8 202 3 218 2 212 2 216 1 222 7 215 18 194 5 216 16 222 6 204 10 177 12 182 46 171 19 183 21 171 14 209 25 166 45 172 47 166 48 169 44 159 22 172 17 177 13 175
182 -0.082166773777263932 -0.87802399365484607 7.6845344431451252 67 176 12 0.52034803961143028 11 195 9 200 16 231 6 213 10 173
183 -0.10312628591003889 -0.57885095882569937 8.2529045853865934 65 177 14 1.0996817105154326 9 201 3 238 4 252 8 215 2 229 7 232 16 236 6 219 10 183
185 0.75504353939855695 -0.87575166320454589 7.7852169608120905 39 133 0 0.46119999691883878 11 210 9 206 4 255 8 217 2 231 1 235 7 234 5 228 16 240 6 221 10 190 12 194 15 163
186 -0.0011305078482547126 0.063295287827798127 8.3710557129634058 59 169 2 0.76950839572544893 11 213 9 210 10 195 12 198 46 193 45 191 45 195 47 190 48 191 44 179 15 170
187 0.88807650753471978 -2.2228430359594906 6.4712689946030233 132 127 49 2.1280595929159882 9 4 4 10 22 12 15 9
189 0.82328770754418679 -2.3223305154278489 6.7366308842011158 15 15 0 0.60620587468497023 9 63 4 18 3 13 8 9 2 12 1 15 7 12 5 74 16 77 6 12 10 50 12 7 11 9 46 6 24 15 21 9 25 12 45 67 47 10 48 61 29 4 22 8 23 14 17 10 13 9 15 47 11 72
192 0.11942189401973932 -2.029936032827456 6.6910586928467737 175 131 112 0.71585415162715504 18 22 4 25 2 19 5 15 16 23 6 20 29 14 26 14 20 22 36 14 32 31
193 -0.022157742633222729 -1.9942483252145848 6.8351700920971634 7 15 5 1.3019558783756027 18 23 4 27 8 15 7 26 24 27 19 27 48 132 29 16 23 29 45 14 30 20 28 9
194 0.10211665738250131 -1.711768294207455 6.9264874506821243 227 198 199 0.14393353226905276 18 30 4 40 3 33 8 24 2 35 1 34 7 39 6 31 20 29 17 30 13 26 15 24 31 19 30 25 39 30 40 28
195 0.10148088861005036 -1.709381209879979 6.9249638315233151 227 198 199 0.3805227734436632 18 31 4 41 3 34 8 25 2 36 1 35 7 40 6 32 29 21 20 30 17 31 13 27 15 25 32 38 31 20 30 26 39 31 34 22 40 29
196 0.62426842154663242 -1.1687717621074056 7.3580009712737082 71 130 0 0.94953515808971156 9 28 4 45 2 40 7 42 6 35 14 25 22 33 13 32
198 0.1198886671537501 -0.98475298669537026 7.4220800399129949 126 140 85 0.18743316855792844 11 39 4 50 16 38 6 42 26 33 15 31 36 83 39 42
199 0.43030779701454386 -0.83821988011183701 7.464219880056068 164 127 57 0.12650287068144289 9 37 4 52 3 42 2 50 1 42 7 48 5 38 16 43
200 0.43059715244317814 -0.83759381366901264 7.4621696171479268 164 127 57 0.12243763412126453 9 38 4 53 2 51 1 43 7 49 5 39 16 44
201 -0.023824515801898923 -0.81611973163157714 7.6328228975209127 144 86 27 0.42320327797701507 9 39 4 55 3 43 8 92 2 52 1 44 7 94 5 40 16 47 6 44 10 29 12 39 45 89 32 98 31 31 30 32 39 86 37 75 34 89 40 87 35 80 38 80
202 0.68444382606291132 -0.58455595137076954 7.8411991358262396 118 145 92 0.42010399818748084 9 41 4 62 8 34 1 48 5 44 12 41 43 105
203 0.49884134349317405 -0.49529958949225594 7.7580076258536748 144 169 122 0.53956669026577708 11 51 4 65 8 96 2 59 7 98 16 107 10 33 12 42 16 56 45 42 17 55
204 0.72714006623075012 -1.2700788440257795 7.4685523091118364 166 149 18 0.96077847314334741 9 76 4 112 8 81 2 89 7 86 6 80 12 73 21 113 14 23 14 156 29 118 22 107 13 74 15 115
205 0.21291969372279357 -0.9553980197709403 7.368227711167231 125 140 85 0.62213463568000105 9 35 4 119 3 39 2 45 7 46 6 43 14 30 29 78 26 34 36 82 32 48
206 0.22154287299011854 -0.46715612594834333 7.7918779522074875 88 143 49 1.0300269409083203 11 52 4 124 2 60 16 108 6 92 29 45 23 54 15 37 31 34
207 0.44519255883595787 -0.27556185751473738 7.9589098713548712 144 161 113 0.61015222557785109 9 92 4 129 3 146 8 46 7 102 5 100 16 110 10 81 14 85 43 151 28 53
209 0.67843067118520284 -0.9267055033130196 7.5980593881897711 89 119 3 1.5514303457750453 9 128 4 166 3 139 8 135 2 167 1 144 6 132 46 88 24 96 45 35 47 83 44 77 45 33 22 41 23 85 15 100 13 85
210 0.24618362686428738 -0.35574438823858684 7.7561853585100087 135 156 99 0.96314033175186453 18 96 4 172 16 155 6 139 12 93 19 100 45 94 20 98 23 87
211 -0.15000306354315771 -2.266100946361826 6.6555286070401687 175 175 175 1.4576639811720473 9 135 4 178 3 152 1 155 16 160 6 144 26 70
212 0.10336183417282752 -1.6657114834337343 6.9810344442496692 193 30 38 0.63923349772157545 11 151 4 188 3 162 8 151 1 166 7 163 6 154 10 128 12 137 46 109 19 115 45 114 47 105 22 128 23 130 17 32 43 163 28 11
213 0.73758502295416528 -1.4904249264724239 7.2109362516116198 171 152 23 0.36634821869910411 9 143 4 192 3 166 8 154 2 157 1 171 7 166 5 159 16 171 12 139 24 146 19 146 21 133 14 154 25 126 29 110 22 131 13 130 43 168 15 113
214 0.1693269928082502 0.076948032653615425 8.1654333222923245 163 174 158 0.61244289154723808 9 160 4 205 3 181 8 171 2 190 1 199 7 183 5 174 16 190 6 170 10 146 12 151 24 137 14 188 25 112 26 158 20 128 43 49 36 137 32 141 30 75 39 92 37 80 34 95 41 61 40 91 35 84 38 82
216 0.17237611287054935 -1.2797541252160005 7.0642405442095493 193 164 32 0.6898198838826215 9 203 4 251 3 237 8 214 2 228 1 233 7 231 5 225 16 235 6 218 10 188 43 20 15 161
217 -0.052817408477792732 -2.4230739848105469 6.6424463734998485 230 220 212 2.2637430935635114 11 6 18 3 9 1 4 6 11 68 18 57 9 52 4 90 16 3 16 5 11 5 6 3 6 60 10 1 10 41 12 2 24 67 19 66 21 49 21 50 25 7 25 47 22 4 22 52 23 8 20 57 23 60 17 5 17 62
218 0.76523208614217952 -2.5179660714192993 6.5127163575656235 22 20 11 0.45403427013872344 4 88 3 0 8 55 2 67 7 3 5 62
225 0.73636991477582303 -1.7994330285173805 6.975728361054089 94 21 23 0.15993632167727651 9 21 3 27 2 29 1 28 5 24 16 30 46 15 45 15
226 0.63042977874499029 -0.94981720329101604 7.3873518865746064 169 157 84 1.5739192814840297 9 36 3 40 29 33
227 0.060147898046023975 -0.96213622291052625 7.4697231797565324 127 148 92 0.35343693626328954 11 41 3 41 1 41 5 35 12 37 29 79 26 90 36 29 32 50
233 0.24615022711222645 -2.0932115517307968 6.5849752959606151 52 41 32 0.16672736200350582 4 102 3 74 8 68 16 83 10 57 22 18
234 0.53484275964854078 -1.3520497320325686 7.1152845526973358 174 162 34 0.28498921099452551 9 73 3 81 8 77 1 91 10 65
235 0.53484275964854078 -1.3520497320325686 7.1152845526973358 174 162 34 0.28498921099452551 9 74 3 82 8 78 1 92 10 66
236 0.38154377267285655 -1.1288880256963272 7.2523356769567942 69 150 0 0.26795740746218277 4 114 3 84 8 83 2 91 1 97 7 87 5 89 16 93 6 81 10 71 12 80 46 83 25 71 13 80 31 27 30 30
241 0.44285094620853171 -2.2849416097207698 6.4086529630778815 187 187 187 0.27400026806013861 11 106 3 109 6 98 14 94 17 63
242 0.4393311918001151 -1.134397699923233 7.1711257404517212 186 166 29 0.96442600745475793 4 155 3 129 8 125 2 135 1 134 7 134 5 126 16 136 6 119 10 110 12 74 14 75 30 61 14 77
243 0.4236428401989874 -1.1819737103807013 7.2881132619191078 186 166 29 0.63319606338113188 4 156 3 130 8 126 1 135 7 135 16 137 6 120 10 111 14 76 29 30
246 0.59921829953819117 -1.7920911747241364 6.6277971410943524 185 153 48 0.15848445256686125 4 183 3 187 8 175 2 178 1 187 7 187 5 182
247 0.01624212295604777 -1.4160700119513174 7.145753983626534 69 180 16 0.35657059436093708 18 151 3 189 2 180 1 189 16 199
248 0.014528040360338154 -1.4031256988854846 7.1132821423914487 69 180 16 0.48176248163585966 4 210 3 190 8 179 2 181 1 190 7 189 16 200 6 176 46 156 45 156 47 146 48 152 44 145
249 0.25150621646160687 -1.1962963017760215 7.24864556963536 192 168 31 0.86999876012551636 18 157 3 191 2 182 1 191 7 190 6 177 12 160 19 147 22 133 20 145 13 133 43 143 15 116 28 68
251 0.88017501556463928 -1.9172176382654069 6.6245780885639665 47 129 4 0.41142222865987221 9 190 3 204 2 199 12 177
252 0.14712830150408734 -0.48407882010022418 7.7903382318682333 63 162 13 1.1742880179186592 4 232 3 215 8 200 2 210 1 216 7 212 5 206 47 134 45 160 48 141 36 40
256 0.56877146726922156 -2.3729413245648581 6.5806693655350035 18 18 18 0.78146393087523569 4 4 8 1 5 3 16 4 12 3 44 2 46 2
257 -0.042567395869810405 -2.0030419252541822 6.762247452202427 92 92 97 0.26358830326219995 3 18 4 26 8 14 1 21 7 24 21 24
258 0.42613615484045414 -1.7501898930887998 6.9050307039480963 122 22 32 1.746367039508822 18 26 8 23 2 33 1 33 7 38 16 28 6 30 10 14 10 19 46 18 19 32 45 18 47 22 2 25 48 17 44 20 20 25 17 26 15 20
260 0.54504376659091536 -0.89984516102870438 7.4507821146004432 178 160 111 0.29134502366055803 11 43 8 29 2 46 5 36 16 40
261 0.54504376659091536 -0.89984516102870438 7.4507821146004432 178 160 111 0.29134502366055803 11 44 8 30 2 47 5 37 16 41
262 0.26840185778439102 -0.60398922539119526 7.5712076088008198 186 152 101 0.093739528548868273 4 58 8 33 1 47 16 50
264 0.66417234514338297 -0.51183369278319424 7.9250524328180045 23 56 2 0.15810398221631655 3 51 4 68 8 37 7 55 5 47 16 59 6 53
265 0.68188679047129974 -0.45171300866477021 7.8653816480026872 78 110 39 0.38311117331415201 11 53 8 39 1 52 43 107
266 0.68185804834738761 -0.45576731648613938 7.8818422875042256 78 110 39 0.39951193315189243 11 54 8 40 1 53
268 0.87293841746130296 -2.5875610223771157 6.4639462438473361 170 152 26 1.5386318758306106 9 94 8 53 1 66 7 64 5 60 10 88 46 57 19 63 47 56 48 51 44 51 44 52 20 56 23 57 43 57
269 0.069451906619584461 -2.4509910797412804 6.4417147630254368 205 197 185 0.14308966361240621 4 89 11 65 8 58 2 68 1 70 7 66 5 65
271 0.60450048611235496 -1.3696438451011246 7.2895835861166907 200 180 55 0.39163082544689409 9 114 8 79 2 130 1 94 7 41 5 30
272 0.51850670125111542 -1.2841809597855309 7.2522403726032643 176 166 32 1.9983205314130121 4 111 8 80 7 85 24 87 29 70 43 23 29 26
273 0.38087302477612411 -1.131259435987259 7.2584316515032965 70 150 0 0.21902331351844526 4 113 8 82 2 90 16 92 10 70 12 79 46 82
274 0.2129952531864282 0.15591402653249067 8.2019782974140174 68 143 30 0.52782319171616165 9 93 8 98 2 104 1 108 7 150 5 101 6 142 3 149 12 46 19 61 21 91 14 42 25 43 45 51 48 46 29 93 44 48 20 54 17 95 13 54 43 52 15 39
276 -0.10427702013893222 -0.64511951487124974 7.2847758898185413 85 186 36 1.2946902764976129 3 44 4 56 8 164 2 168 16 152
277 -0.2568668559558332 -0.78578724774837228 8.0220774973855296 204 204 196 0.22676386846037233 4 201 8 166 7 180 6 166
278 0.71136954290566046 -0.68834792557753888 8.6368585210535098 63 129 30 0.56517673454308937 3 241 4 256 8 218 2 232 1 236 7 235 5 229 16 237 9 204 6 222
279 0.014352098955358241 -1.0040318082263491 7.4590405040192875 191 201 163 2.066679774967827 18 89 3 93 8 28 11 158 18 159 4 211 2 44 10 76 12 36 12 141 24 49 24 147 19 149 21 135 14 160 25 74 25 127 29 146 22 39 22 135 26 186 20 44 23 49 17 45 17 141 13 37 13 136 15 119 36 166 41 100
281 -0.040039988875112467 -2.2892149359797447 6.6402818456149699 141 132 127 1.3414365227810312 11 75 18 7 9 66 4 99 3 115 8 109 3 73 8 65 2 76 2 115 1 76 1 121 7 75 7 118 5 72 5 113 16 12 16 78 6 69 10 8 12 60 24 17 19 14 21 10 14 96 25 13 29 100 22 9 26 121 20 8 23 15 17 11 36 100 32 114 31 89 30 52 39 101 37 88 34 101 41 119 40 98 35 91 38 89
283 -0.10015467683547169 -2.0020174427558159 6.9462612417080303 43 1 7 0.22660722057551594 3 19 4 28 2 20 7 27 16 24
284 -0.083296509431475041 -1.9052693587447282 6.7811653058062182 43 1 7 1.2093540398492457 3 20 4 29 2 21 7 28 16 25 19 28 21 26 22 22 23 30
285 0.56356531767375095 -1.7603059571303064 6.8549968618415171 119 38 41 0.075824471166279592 3 25 4 34 2 27 1 26 7 33 5 22 12 21
286 0.56356531767375095 -1.7603059571303064 6.8549968618415171 119 38 41 0.075824471166279592 3 26 4 35 2 28 1 27 7 34 5 23 12 22
288 0.56042860973331299 -2.1286658918098924 6.5821632897598272 23 23 22 0.23844850471821691 4 101 2 79 1 83 6 71 10 56 46 73 44 67 20 70 17 76 13 69 15 55
289 0.0045391682299936644 -1.1624617209452315 7.3681336787883138 162 193 51 0.50323698576729481 3 85 4 46 2 92 3 86 16 94 16 95 24 43 14 24 29 74 26 84 20 35 23 43 36 79 32 96 31 71 39 83 37 72 34 86 41 99 40 84 35 76 38 75
292 0.37870997169606868 -0.5671112912901517 7.6847218851054189 61 150 5 0.36114854888251913 3 194 4 212 2 186 1 195 7 192 5 185 6 180 10 140 12 145 24 148 19 151 21 137 14 163 25 129 22 136 26 153 20 149 17 142 13 138 15 121 36 127 32 136
293 0.201771697980314 -1.8450095340520907 6.8033159399884742 182 22 29 0.69711603509159015 18 170 2 200 6 187 24 155 19 161 21 146 14 172 25 138 44 138 22 145 20 159 23 141 17 153 13 156 43 131 15 137 31 132 30 119 20 170
295 0.17459921352514321 -1.1667387838850996 7.2656158348349447 83 156 12 0.30632084941223281 11 132 9 121 4 157 3 131 8 127 2 136 11 133 18 81 9 122 4 158 3 132 8 128 1 136 7 136 7 137 5 127 5 128 16 138 16 139 6 121 6 122 10 112 10 113 12 118 12 119 46 78 46 79 24 90 19 88 21 76 25 66 45 82 47 77 47 78 48 80 44 72 22 77 20 83 23 76 13 75 15 63 32 93 36 76 31 69 30 95 39 39 34 27 40 35 35 31 38 28
299 0.24503980591267219 -1.1992331888190415 7.2507232005234785 194 166 33 0.73449035112645744 18 158 1 192 6 178 12 161 19 148 14 157 22 134 20 146 13 134
300 0.90799650062375314 -0.21898074033161821 9.8581063952853665 62 62 60 0.50715873155374269 3 198 4 234 1 200 7 197 6 199
301 0.8670868115658299 -2.5045030902610277 6.5978159575967954 19 15 13 0.74736864168435602 3 219 4 245 1 218 7 216 5 208 6 207 22 163 20 176 23 156 17 169 13 167
304 -0.052819991028833037 -2.2870222429104139 6.3121481436031006 105 0 12 0.92857601929639189 1 71 3 107 8 59 18 60 7 67 5 103 24 11 19 68 21 52 14 45 25 8 22 55 23 10 17 6
305 0.52043316696252417 -2.1987287697507796 6.5101083890292575 188 188 188 0.10551708150607789 11 76 7 76 6 67 10 52 19 76 21 64 20 65 17 71
306 0.52039273454261448 -2.1885192382823284 6.5002939816383858 188 188 188 0.98654960539206515 11 77 7 77 6 68 10 53 19 77 21 65 20 66 17 72 36 7 31 5
308 0.68105070449651661 -1.8133158861694427 6.9161524196586042 186 173 175 0.23994247100142735 4 186 7 159 5 154 16 165 6 151 14 105 23 100
309 -0.14766326620174436 -0.84690869670857394 7.6220599323974367 77 171 38 0.60308685713017229 3 175 4 168 7 178 5 170 16 45 21 84 24 127
310 0.91045698657868623 -0.020029612398974949 7.5819501753739491 212 209 207 1.4206389245097977 3 217 4 79 7 214 5 187
313 0.69610522867237423 -2.4992348808940061 6.3177647252829834 175 159 24 1.1034989855924267 11 64 1 63 16 116 46 60 24 65 21 47 25 46 44 54 22 50 15 40
314 0.33009240808837265 -2.3263110407403156 6.3864726463262373 76 54 34 0.43345074652908516 11 4 5 66 19 7 17 3 13 3
316 0.42049813573565881 -0.43286578876582449 7.7649935677693902 160 173 132 0.3113552095467309 9 88 5 99 12 91
319 -0.17506514840913115 -0.74961473821171609 8.0198677316466025 58 150 17 1.7207124917296188 11 160 9 169 4 229 3 210 8 195 1 213 7 210 5 97 3 96 4 59 12 144 44 79
320 -0.081521748508256373 -2.2290313629341645 6.7200068652167042 54 9 12 1.230534576627373 18 142 9 167 4 181 3 154 2 121 1 159 5 149 18 19 4 23 16 197 6 17 6 145 10 123 19 140 21 128 25 121 22 122 26 205 20 137 23 124 17 152
321 0.46825575905653471 -1.7306810124628824 6.8436904403476291 229 182 185 0.06278975527306653 4 37 16 32 10 16
322 0.4430505669541201 -1.6976345506167363 6.8556886547487004 119 21 33 0.19195433896168396 1 32 2 34 5 29 7 37 8 22 16 35 6 29 10 18
323 0.0060951487282052278 -0.90666003359516212 7.4893338739683735 176 201 151 1.1289440984524062 2 49 7 47 16 39 10 27 46 36 19 48
324 0.6608699676279548 -0.63031624366249805 7.7754161684441607 108 128 79 0.14752282044768 4 60 16 51 46 41 19 57 45 40 17 53 13 43
325 0.66053553413544475 -0.63121437729142871 7.776978251878262 108 128 79 0.17432615882183 4 61 16 52 46 42 19 58 45 41 47 45 48 35 17 54 13 44
326 0.29216763427033576 -0.47226606222726319 7.7615729397193309 87 140 56 0.26226642432655123 4 67 16 58
327 0.5738002747000428 -0.46431043521553472 7.8288606798382849 135 160 103 0.19728447304592955 3 52 4 69 16 60
328 0.62300859837274647 -0.4578571143132773 7.8710141077271585 99 132 65 0.35036186728755098 5 48 8 38 16 61
329 0.53035356266326072 -1.7394222820849266 6.8680726350847685 195 173 172 0.15451412758914287 1 90 5 83 8 76 16 87 6 76 45 21 43 11
330 0.34625409314320671 -1.4030346165512459 7.0557863210538727 182 154 55 0.38917950800441725 8 118 16 128 19 85 44 69 20 74 43 83 28 47
331 0.32226246371948336 -1.0731869834693668 7.3520672850929678 65 158 5 1.4907103782587403 3 136 16 143 6 125 21 82 25 73 26 86 32 46 36 80
332 -0.092543060378715916 -1.118435233685962 7.6428685629663242 73 188 24 1.1011879755978204 18 191 16 229 12 178 46 140 24 177 19 180 21 166 14 205 25 162 45 144 47 131 48 154 44 131 22 169 20 182 23 161 17 174
333 0.2211954983876695 -0.22092610850692182 7.9091776120131874 100 129 71 1.0473105274151524 1 229 2 223 7 227 16 232 6 215 20 185 47 176 48 179 44 167 45 178 46 181
334 0.22535517893540288 -0.21093992072512796 7.8865055752198368 100 129 71 1.1835081703292991 1 230 2 224 7 228 16 233 6 216 29 195 20 186
335 0.0013028235904804356 -0.77571933401872462 7.8517804908113478 162 100 42 1.0005521025336617 9 207 16 241 10 191 12 195 15 164
336 -0.029050187170951303 -2.5162556614720497 6.4934834700759865 72 52 9 0.45473566862647091 16 1 11 2 9 51 12 0 36 51 32 77 31 45 30 44 39 57 37 45 34 48 41 68 40 57 35 44 38 48
337 0.36182177111729658 -0.37679918924382022 7.7727460428447035 126 149 93 1.6889184972037714 8 42 16 62 18 50 9 45 6 95 10 36 13 52
338 0.59658937164306058 -2.1084004197952062 7.0932980577626417 185 145 43 0.34156466839189531 1 22 4 105 6 21
339 0.60336491843612838 -0.64004437263710678 7.715070069118819 129 140 104 0.19055273886770471 2 55 5 43 6 48
340 0.52967115300774881 -1.7353813497240997 6.8604165897180849 193 175 174 0.23359203655217575 1 89 5 82 8 75 6 75 14 12 45 20
341 0.49402535991099178 0.053704515588774114 8.2106730249371598 33 76 13 0.96538101277100441 2 148 3 148 5 143 7 104 8 97 6 96 14 41 26 52
342 0.80049266931126462 -2.1482937004765801 6.8090079923331244 64 151 32 0.1218497191567031 1 125 2 124 3 158 5 118 7 156 6 147 8 146 3 122 7 122 8 115
343 0.49642544042625697 -1.0356303317770779 7.3244231982928962 56 156 7 1.4200587365302684 1 193 2 184 3 193 5 184 7 191 8 180 6 179 46 141 14 158 48 138 44 132 23 132 13 135 15 118 31 170 30 145 28 89
344 0.19863146985258739 -2.0954482872349161 6.6097298201300276 47 29 19 1.1502497507833569 11 116 18 107 9 105 4 146 3 121 8 114 2 123 1 124 7 121 5 117 16 125 6 18 9 16 4 24 7 18 16 20 10 100 12 104 46 74 19 81 21 70 45 78 47 75 48 72 44 68 20 71 23 98 43 6 32 26 31 14 34 16 40 25 38 18
346 -0.048611429447156691 -2.3304652359725737 6.7299895932957385 239 221 211 0.094930684567570089 1 120 2 114 5 112 8 108 10 7 7 117
348 0.31300648277613041 -0.32916630686165954 7.8214754975791712 144 166 119 0.39522682137879217 11 139 10 120 21 88 25 80
349 -0.087439939937482308 -2.2211002192460469 6.6968204738688026 51 16 18 0.73942522444082659 1 160 2 122 3 155 10 124 5 150 26 206
352 0.22380028123129378 -0.56142368773579543 7.5451591167265324 178 146 97 0.57411132601562231 9 184 11 186 10 166
353 0.95405306228882136 -0.63150339725473448 8.6969702464579353 209 208 206 1.802699782509412 11 206 10 184 12 180 14 198
356 0.54905899503216893 -0.76907017137183109 7.609950509976275 63 75 18 1.9442274556727379 11 45 9 86 3 95 18 44 8 93 7 95 5 41 16 106 6 88 10 30 1 102 2 100 5 96 7 96 11 46 18 46 10 31 12 40 46 90 19 51 21 37 14 33 25 36 48 87 44 80 22 45 20 45 23 52 17 50 17 52 13 40
357 0.53159154902717742 -1.1107491540490479 7.3209110974678389 156 176 51 2.0034120458636346 11 92 18 40 4 116 3 88 8 85 2 93 7 89 16 97 6 83 10 73 11 34 9 29 4 47 3 36 2 42 7 43 12 30 12 32 46 33 24 46 14 28 45 85 20 38 23 45 17 42 13 34 43 34 15 29 28 24 22 37
358 0.2560647642726982 -0.22745542847985745 7.8440445988732028 124 152 96 2.0400467152470929 3 98 4 128 7 101 10 82 18 52 19 60 21 44 14 35 25 41 48 42 44 47 26 42 16 111 23 56 17 58 6 58
360 0.49402575730826798 -1.1153412777978529 7.3537590628172946 175 188 63 0.70066083936654111 2 43 9 30 11 35 12 33 43 35 28 25
361 1.7739154914444366 0.66032956437838908 8.5974950603738378 46 48 47 0.90907753908463673 10 85 11 62 12 48 46 50
362 0.91173640350534912 -2.4311015212834324 6.6279118239681019 3 3 2 0.72597224408687089 3 2 18 2 24 8 14 2
363 0.32250741830786389 -0.84894432132425546 7.47389505654996 165 176 147 1.466805593895057 1 99 2 99 7 92 12 85 44 78 43 39 32 53 31 29
364 0.17072448597274464 -0.54961954305845917 7.6900504727594816 194 159 103 1.0630106259844729 8 94 12 89 24 102 45 93 22 89 26 101 30 34 40 48
365 0.12248690566607524 -1.5085725411875701 7.0948466208198688 63 160 12 0.67470257134009914 11 119 12 106 14 109 29 111
366 0.94900833059422263 -2.8342719948259014 6.9355802293086892 148 139 24 0.66287613316059846 11 142 12 130 14 89 45 100 46 95 46 131 47 92 48 91 44 87 43 119
367 0.35821687626004328 -1.2410619439663564 7.1790189881087985 56 157 3 0.64827109234645652 18 155 12 158 45 143 44 130 17 140 13 132
369 -0.10764157569993625 -1.0716036795382615 7.618019381335186 63 186 18 0.23872822848339095 3 223 12 171 4 238
370 0.59291633531067345 -0.64897855362389223 7.7893086108163248 136 150 114 1.2230102442457267 3 235 12 179 46 178 25 164 45 177 47 173 48 176 29 44 19 53 44 165 20 184 17 176 13 172 43 200 28 130
371 0.59873744612809476 -2.4326376075307325 6.5685080271839578 12 12 11 1.0196027349571521 18 195 12 185 24 183 22 174 43 193 28 125
373 0.42554689291247283 -0.5190286521840356 7.7440257866706581 179 196 163 1.5009600219916162 18 128 9 157 4 202 3 177 8 167 2 170 1 180 5 172 16 180 6 167 12 127 11 50 9 43 4 64 3 49 8 35 2 58 1 50 7 52 5 45 16 55 6 50 46 123 24 132 21 117 25 108 45 128 47 120 48 121 44 111 22 112 26 155 20 126 23 115 17 120 13 49 43 150 15 102 31 78
374 0.57901359079069814 -1.3860969300562722 7.2222377863757048 110 136 8 1.2335035619774319 11 209 18 201 9 205 4 254 3 240 8 216 2 230 1 234 7 233 5 227 16 239 6 220 10 189 12 193 11 208 10 187 46 190 24 187 19 189 21 178 14 219 25 171 45 190 47 186 48 187 44 176 22 180 20 192 23 168 17 183 13 182 15 160
375 0.86228293381460264 -2.3451202217085405 6.8765025904765604 132 135 58 0.31752711826608015 18 10 46 7 19 15 21 11 25 14 48 9 23 16 17 14 13 66 15 51
376 0.86477837074525044 -1.6387436121838035 7.7728293437737461 83 127 66 0.85803597585298164 18 32 46 22 45 24 47 27 48 21 44 24
377 0.68350121729415314 -1.1865702352235838 7.3684507022752426 88 153 26 1.4115266328805292 1 96 46 29 5 88 47 38 47 79 17 39 43 96
380 0.16999042278029439 0.83905355934528925 6.1914980269623889 45 47 46 0.90217365234658509 18 133 46 51 19 132 21 122 45 55 47 51 48 48 22 116 17 127
382 0.13527371929399365 -1.8606953533308521 6.7872219676600283 205 30 35 0.44741271845235697 18 110 46 104 24 114 21 101 45 109 47 100 29 108 48 101 22 98 17 106 13 103 15 84 32 121 30 82 28 62
384 0.50524403024059716 -0.22345212184974511 7.9797850998148858 111 143 70 0.8840840551510496 18 184 46 170 24 170 19 175 21 161 14 199 25 156 45 171 47 165 48 168 29 165 44 158 22 162 26 195 20 175 23 155 17 168 43 190 15 147 28 107
385 0.70176145595108541 -2.3868594498994806 6.4165755279066445 12 13 8 0.47132967178839358 1 225 7 223 46 172 45 173 47 167 48 170 44 160 31 43
386 0.85040851118767746 -2.6095404394643023 6.9124340107762556 16 16 13 1.1386762456336739 18 185 46 185 24 172 19 176 21 154 14 210 21 173 25 149 25 157 45 181 47 180 48 182 44 170 29 197
387 -0.34618118377261586 -0.21333500778115871 7.5931422198047338 27 29 28 1.9841415811664991 12 196 46 196 47 194 15 168
389 0.60137893375056017 -0.534365532868883 7.7906836811886038 126 149 87 0.93489275628659574 18 93 3 143 8 95 2 145 1 146 7 147 5 139 16 153 6 90 10 142 18 127 2 171 16 181 12 90 12 126 46 43 24 131 19 126 21 87 14 136 25 107 48 36 29 86 20 125 23 86 23 114 17 89 17 119
390 -0.16206781291877737 -2.754291934452572 6.6191269241844433 241 230 96 1.5727940340480333 46 0 24 3 19 1 25 1 45 1 47 3 48 1 22 1 23 1
392 -0.10353951393157476 -1.0069941353701097 7.2243875115229255 104 162 61 0.36313997119866082 9 33 24 48
393 0.80989965674783559 -2.7779964183642543 6.9820531918434598 174 157 22 2.0512891960707238 46 56 24 63 19 64 21 45 25 44 45 59 48 50 47 55 43 56
394 0.63254555266458357 -2.474206649634759 6.2363163248044735 182 166 26 1.0052174421842623 3 106 8 100 24 66 1 111 2 64 5 56 26 56
395 -0.093162896771390349 -1.2685359820310875 7.0522038415341433 129 190 98 0.79278219686436879 9 150 18 38 24 86
397 -0.2863577715627294 0.028744116430882944 8.7248132536205052 139 203 108 0.21945096427315336 46 93 24 106 45 98 47 90 48 89 44 85
398 0.17959396257624236 -0.69915404887732979 7.5851489469365934 109 91 50 0.6681699868106814 1 194 2 185 24 128 14 178 20 123 20 147
400 -0.21386231089019994 -0.51873318348528286 8.2688590673320785 90 189 45 0.79045014960372373 46 159 24 179 48 156 44 148
401 0.13994295751241129 -1.1257179015960195 7.3133241172265739 185 184 50 0.33076059011672265 2 41 46 30 24 44 11 91 18 86 9 79 4 115 3 87 8 84 7 88 5 90 16 96 6 82 10 72 12 81 46 31 19 43 21 34 14 27 25 31 45 30 45 31 48 26 48 27 29 75 44 34 44 35 22 34 22 35 14 26 26 85 20 36 23 80 17 41 13 81 43 25 43 26 15 68 36 78 32 95 31 72 30 62 39 40 37 28 34 28 41 37 40 36 35 32 38 29
402 0.20762953854545302 -1.0964248464391986 7.2845044879091745 126 160 30 0.9209220196521567 18 87 4 48 7 44 6 37 10 22 24 93 21 81 25 72 22 82 20 88 13 82 32 94 30 63 39 159 37 145 41 185 34 166 40 178 35 147 38 139
403 0.060011901844353698 -1.993971289880883 6.7479063963121666 90 56 42 0.485078967335207 18 109 24 113 21 100 32 120 39 104 37 91 34 103 41 19 40 101 35 97
404 0.13072575078848858 -2.4988391967759251 6.3890009709496791 180 165 30 0.46917831012742733 18 164 24 150 19 155 21 141 14 167 25 133 29 152 22 140 26 178 20 153 23 135 17 146 13 145 36 159 32 159 31 126 30 112
405 0.35813424387130455 -2.2108049742089677 6.4256593004310911 27 24 14 0.17318582499294449 18 167 24 152 19 158 21 143 14 170 25 135 22 142 20 156 23 138 17 149
406 0.51461909507004489 -1.1482110834956825 7.2812177792470436 87 156 22 2.5142185437318698 18 85 9 78 4 159 3 135 8 129 2 137 1 137 7 139 5 129 16 142 6 124 12 78 24 92 11 90 18 83 9 124 4 161 3 134 8 131 2 139 1 139 7 138 5 131 16 141 6 123 10 69 12 76 46 81 19 90 19 92 21 78 21 80 25 68 25 70 45 84 47 81 48 82 29 73 48 84 44 74 44 76 22 79 22 81 26 25 20 85 20 87 23 77 23 79 17 82 17 84 13 77 13 79 43 95 15 65 15 67 36 26 32 44 31 24 31 26 30 29
407 0.19376243370075072 -1.6454915106380155 6.9211919888578368 189 96 31 0.52303347975077541 11 152 18 149 9 141 4 189 3 163 8 149 2 155 1 164 7 161 5 156 16 168 6 152 10 129 12 138 24 145 19 145 21 132 25 125 29 109 44 126 22 129 14 61 20 144 23 131 17 137 13 129 43 162 15 111 36 108 32 122 31 95 30 83 39 78 37 66 34 107 41 93 41 172 40 81 40 105 35 68 38 72
411 0.91895032429635004 -2.6946818162801982 6.4897009672861152 235 217 84 0.88010653793140814 10 87 19 103 25 84 23 90
413 0.72344858021367742 -2.2820802719422639 6.6076469230226671 164 166 59 0.42192997565654572 7 115 46 101 19 108 14 52 45 106 48 97
415 0.43390826531838683 -2.1491452079185644 6.5375143849921438 195 195 195 0.69670685073347127 1 156 19 141 21 96 25 90 29 139 26 164 23 125 43 126 36 99 32 16 31 10 30 15 28 97
418 0.86476808697930274 -2.2953789019086446 6.8900114902891518 10 12 6 0.53585492284753788 9 68 3 156 19 18 18 15 46 69 24 20 21 14 25 18 47 70 44 63 20 15 23 22 13 18
419 0.90677347459697688 -2.3639542262782967 6.8367534958057909 20 19 9 1.6721720491848746 11 112 9 101 4 141 3 116 8 110 2 116 1 122 7 79 5 114 10 95 12 101 24 16 24 109 46 163 19 107 21 61 21 95 14 49 45 166 25 89 12 62 48 163 44 154 22 10 22 96 17 16 23 18 20 105 23 95 17 99 13 99 15 50 15 80
420 0.14240167432737186 -2.1636933335716471 6.6682096351923885 217 172 142 1.5750298322255705 12 17 21 21 29 10 26 71
422 0.38788022495488483 0.27286915309506632 6.1861071238182843 0 0 0 0.6793934143513346 3 100 4 75
423 0.82036965371560189 -2.5639372008960581 6.4289598234354495 176 160 18 1.1928426498735329 5 59 21 46 47 57 1 65 3 63 8 52 7 63 22 48 23 58 43 58
424 0.18359900159906251 -1.5851589556450514 6.962880503967396 211 168 53 0.71717001655686419 1 167 2 156 3 164 4 190 5 157 6 155 7 164 8 178 9 142 10 130 11 153 12 157 16 169 25 95 46 139 45 116 47 144 48 108 48 135 29 158 44 127 22 100 18 112 19 116 21 103 24 116 46 111 20 111 23 102 17 108 13 106 43 136 15 87 15 112 36 151 32 149 31 120 30 121 37 121 39 133 34 142 41 124 40 140 35 121 38 117
425 0.1717525087339401 0.83562729494965116 6.178202903335654 33 35 34 1.0322179516463432 46 52 21 123 45 56 47 52 48 49 19 133 18 134 44 49 22 117 17 128
426 0.86577689165233429 -2.2992497196523116 6.797729887628944 113 104 40 1.778092908465674 11 78 18 11 9 102 4 143 3 118 8 113 2 119 1 82 7 80 5 77 6 106 10 96 12 61 46 8 21 15 18 16 24 21 19 19 14 53 25 19 47 13 47 71 44 12 20 9 20 16 23 23 17 15 13 19 13 67 43 74 15 52 28 59
427 0.89625172699134537 -0.77735982802703008 8.4240076230553012 225 225 223 0.14298008743368221 21 136 44 133
428 0.18405475758962764 -0.88823964424191526 7.4156147950366424 187 198 156 0.90466501482409512 18 203 19 191 21 179 14 221 20 194 23 169 17 184 13 183 43 37 15 162
429 0.74453014653295435 -1.1324245493344525 7.8399258017809421 47 139 1 1.0842051744375909 18 202 19 190 24 188 21 180 14 220 25 172 29 203 22 181 22 183 26 228 20 193 20 198 17 185 36 197 32 190
430 0.70038649554326893 -2.3242983744245085 6.4492455373084585 11 13 12 2.4064458995575029 24 68 14 3 44 6 48 4 17 7 43 65
432 0.63899254508530223 -1.864337575053518 6.932477372317905 151 17 11 0.87801095531995954 46 106 14 58 45 111 47 102 48 103 44 96 28 81
433 0.59072841455469327 -1.5360774410502476 6.8658707176265299 181 82 35 1.8862097573398025 3 35 14 63 43 166
434 0.032691678055723414 -1.2381119597393218 7.2971563641218582 186 196 54 0.55692184339934525 2 164 14 73 26 172 30 93
435 0.94982207364689719 -2.8334928644154016 6.9321720735152708 142 132 19 0.71534347931970887 46 130 14 88 45 99 46 94 47 91 48 90 44 86 43 118
436 0.3149186275015185 -1.3565056599655498 7.0916212100930096 105 151 17 0.69290325608218128 2 128 14 115 20 78 43 84 15 89 31 65 30 57
438 0.63259637080472653 -1.049037754315661 7.4191120824400096 54 148 9 0.59165390513388172 4 228 14 177 25 144 13 164 15 144
441 0.32136804813001468 -1.9373650518452583 6.6812625146488003 192 176 35 1.2786444125678122 16 219 18 189 24 176 19 179 14 203 11 202 18 199 9 197 4 248 3 233 8 209 2 221 1 227 7 225 5 220 16 227 6 210 10 180 12 188 46 176 24 185 19 186 21 164 14 215 25 160 45 176 45 183 47 171 48 174 44 164 44 172 22 167 22 177 20 180 20 190 23 160 23 165 17 173 17 180 13 170 13 179 43 198 15 157 36 187 32 184 31 163 30 139
442 -0.12219591266293381 -0.94834802308594535 7.3949675241002613 97 190 62 0.99580401362152682 16 101 24 51 25 33
443 0.75207473592091578 -2.5485794898200038 6.4212610400329577 176 160 19 1.4866259282174024 1 64 46 59 25 45 48 52 24 64 19 65 22 49 5 58 44 53 23 59 17 60 43 59
447 0.54524885352241215 -0.21284516517219945 7.9856678165594293 86 119 48 0.39895539024516569 14 37 45 48 43 115
448 0.18562616696575218 0.022180777234939636 8.1247811029701911 146 168 120 1.1465909135130958 25 42 45 50 48 45 29 133 26 54 32 105 28 55
449 0.86304751005555158 -2.3696566862897215 6.9569442707817934 19 11 4 1.2658128747492934 19 16 45 73 21 12 25 15 47 68 48 10 47 12 44 11 44 61 22 13 23 17 15 10
451 0.25557897274371688 -0.88641052553856403 7.4410268959323558 141 154 107 0.48920205432719027 2 143 24 97 19 95 45 34 11 136 18 126 4 165 9 126 3 138 8 134 2 142 11 135 18 125 9 127 7 142 5 135 16 148 16 149 6 130 6 131 10 116 10 117 12 123 12 124 24 98 19 96 14 131 25 76 25 77 24 52 48 31 29 80 26 92 17 86 17 87 13 86 13 87 43 38 36 30 36 31 32 51 32 52 31 76
456 0.65741428906633426 -0.69436103119276005 7.8055473382824765 165 183 151 0.22569516813640969 19 150 24 130 47 119 48 120 46 122 44 110
458 -0.37923957633156824 -0.56443842357189744 8.2950976021340725 28 28 26 1.4070239410775514 14 207 47 174 48 177 22 171 21 169
460 0.96136143685151976 -0.64522069576416685 8.9857230018199168 35 35 35 0.70086595242892713 19 182 46 191 47 187 48 188 22 178
461 -0.48479519287746931 -0.41306179486870592 8.3526175880944145 28 28 28 1.5542881298198472 14 222 47 188 48 189 17 186 20 199 13 184
462 -0.01670067482966571 -1.9915216751317639 8.5766504151770011 125 37 43 2.2112989662384464 19 192 46 192 47 189 21 182 48 190 23 170
463 -0.9170345640693055 0.85347173542279686 7.759435441152231 51 51 51 1.2273331834283265 48 47 29 52
464 0.44899828735696379 -1.3494214790606387 7.11359371882339 191 178 55 0.24055625149480667 4 150 48 110 26 77
466 0.89848696128223138 -2.4077578053172863 7.0237594422848719 0 0 0 1.1493497958771239 7 155 47 156 3 120 5 116 4 145
468 0.17301839451147091 -1.3986329215438285 7.1170812388595346 133 117 25 2.0829399058681428 11 173 48 136 10 155 9 113 5 122 12 108 46 112 24 118 45 117 47 108 32 169
469 -0.13162087838769956 -2.0505061564751377 7.0099446410215762 2 15 1 2.2629410009365292 21 25 22 21 26 181 36 62 26 16 41 86
470 -0.06442403358704879 -1.9632172203168532 6.938583116301432 1 13 0 1.2731214889487603 14 103 26 166 4 30 36 146 38 113
471 0.4152843935780981 -1.1547526113739965 7.7768927265285956 128 159 29 0.48939474267127314 47 39 29 31
472 0.4152843935780981 -1.1547526113739965 7.7768927265285956 128 159 29 0.48939474267127314 47 40 29 32
473 -0.012848645484339222 -0.1808906430008525 8.0250853165440148 178 209 159 0.33614130970844763 18 53 29 49 26 109 36 45 41 108
474 0.35823285587144854 -2.3334617176340133 6.3693782985754002 43 24 3 0.37055036295255206 45 60 46 62 47 59 48 54 29 56 44 55 43 3 30 4 28 4
475 0.047175131029121749 -1.6630370445563134 6.9886614826971885 117 160 60 0.70789474679551123 14 62 29 64 26 73 36 64 41 25
477 0.19564320366756371 -0.8112428117812196 7.4849807324104924 142 160 116 0.445494042204722 14 31 29 81 26 94 36 85 32 55
478 0.55017530539507153 -0.33152981151089028 7.9221017900105863 142 165 113 2.4646702049752842 3 55 29 87 4 71 26 38 29 131 43 110
479 0.034988745257363063 -1.234562879425537 7.2947802185946706 195 179 49 0.47309721876737598 2 165 29 124 26 173 36 153 32 135 30 94 39 116 37 102 34 119 41 131 40 116 35 108 38 102
480 0.33379286283451404 -1.1803938693328604 7.2501745467214365 197 174 46 0.19664663998211776 18 122 29 127 14 124 22 109 26 146 20 121 23 111 15 99 36 121
481 0.36669564376792441 -0.91269451448273264 7.4214985175991757 143 140 81 0.22052376443706906 14 130 29 129 26 149 36 84
482 0.79912360763447332 -1.3370800226959143 7.4693304511917153 46 119 0 1.2460217949659183 21 176 29 159 25 169 26 135 37 67 39 79 34 110 40 109 35 69 38 73
483 0.50441149405844543 -2.4507737259137996 6.3449397029714563 176 162 26 0.4676694230237024 45 163 48 159 29 170 46 160 47 153 44 152 43 172 30 130 28 94
484 -0.11936817228941117 -0.32046668551749075 8.1541879156733703 62 164 23 1.7242703937693644 47 86 29 183 45 95 26 221
486 0.53695019145411071 -2.3284998562926074 6.3559932417676377 184 166 40 0.7095358433733695 45 174 46 173 47 168 29 189 48 171 44 161 43 194 28 111
488 0.32940706464191072 -1.1132728452294762 7.2268359087200409 59 113 6 0.71210721704785229 19 45 11 33 18 39 1 38 6 36 12 29 46 32 24 45 19 42 21 35 22 36 20 37 23 44 17 40 13 33 43 27 15 28
489 0.053085046844961049 -2.3038418216404657 6.5342583384845554 131 94 70 1.1259230166898644 9 3 3 5 5 6 16 7 10 4 24 12 29 60 1 7 19 10 21 6 23 11 20 3 36 98 32 82 31 54 30 50 39 15 37 12 34 5 41 77 40 13 35 12 38 8
490 0.29546366203563984 -0.94639270137804454 7.389842105040648 167 175 144 2.3980800337436921 4 118 3 91 8 88 2 95 1 98 5 92 16 99 6 85 24 50 14 161 29 128 11 95 9 82 2 97 10 115 12 83 46 87 24 94 14 129 25 75 45 88 48 85 44 37 22 40 26 148 20 90 13 84 36 123 31 74 43 36 30 68
491 0.91703021627711323 -2.5968998872820146 6.671124546870697 16 15 2 1.0665311985107029 11 1 24 4 29 0 15 0
492 0.59789395243116972 -2.6649882762789905 6.3542063805878186 226 208 83 0.70057004072448403 14 223 47 191 45 192 48 192 44 180
493 0.56330985975018599 -2.1991235861009528 6.5235722191337553 6 6 3 2.3501437403550174 11 14 18 18 9 13 4 19 3 14 8 10 2 13 1 16 7 13 5 12 16 17 6 15 10 11 12 12 46 13 24 24 19 24 21 18 14 10 25 22 45 13 47 16 48 15 11 10 9 9 4 13 3 7 8 5 1 9 7 6 5 8 16 11 6 7 10 6 12 8 46 9 24 19 19 17 21 13 25 17 45 10 48 11 29 99 44 13 44 16 22 14 22 17 26 117 20 12 20 19 23 21 23 27 17 17 17 20 13 12 13 16 15 8 15 14
495 0.94106794906254365 -2.6898149372364695 6.6331937809374981 172 157 20 0.30995155216424997 3 64 46 55 1 67 2 65 5 61 7 65 8 54 44 50
496 -0.27005265735669609 -0.15261791314606954 8.5543526485226842 0 0 0 1.0600603906734376 29 149 47 50
497 0.45422380582430721 -0.10259592619533117 8.0445394873801259 177 193 145 0.65794241735134062 16 157 44 84 43 117
498 -0.059824964301290223 -0.1133349831087338 8.1688880922890164 93 208 47 0.35759232572464777 14 138 46 126 44 114
499 0.14658621305144973 -2.2414093848494985 6.4815623676998761 147 104 79 2.0717600173260617 9 8 2 5 1 8 5 7 16 8 12 6 44 10 18 8 4 12 16 10 6 6 24 18 47 9 22 11 13 8
500 0.51703819712820609 -1.1491958448557331 7.2858242093491157 82 157 22 2.5444506129806648 9 77 12 77 18 84 19 91 21 79 24 91 25 69 47 80 48 83 44 75 11 89 18 82 9 123 4 160 3 133 8 130 2 138 1 138 5 130 10 68 12 75 46 80 19 89 21 77 25 67 45 83 48 81 44 73 22 78 22 80 26 24 20 84 20 86 23 78 17 81 17 83 13 76 13 78 43 94 15 64 15 66 31 25
502 0.39315586667860491 -1.3016202285832812 7.1431553959205836 91 149 17 0.37998530777037604 46 27 47 35 22 32 26 23 36 24
503 0.94182737719972243 -2.1688918638746122 7.1856247366752681 210 211 206 0.47683123755423429 29 12 22 123
504 0.26353906613906186 -1.5029590429748179 6.6750950696772797 206 177 55 0.64387185240923561 14 197 18 183 22 161 26 185 17 167
508 0.0087833919003619219 -2.1446282442759403 6.6974849615040295 149 126 103 0.28634217892221819 29 11 26 10 36 60 32 27 41 12
509 0.13259835967180278 -1.8157959842610762 6.829196493073753 219 147 150 0.2812304806525433 29 20 26 17 36 18 32 35
510 0.47775470167141343 0.065354226031387672 8.1837427822117483 40 83 16 1.0257885897036467 5 177 26 53 43 155
511 0.43310207104724924 -1.239149598011263 7.194046750203813 171 167 36 1.4264691161241045 14 120 26 81 18 120 43 142 32 41
512 0.28481329656365156 -1.0945761580764306 7.2852412603033283 152 165 37 0.41454736581254681 5 91 29 76 36 77 31 70
513 0.36298057101538894 -0.81954055913365509 7.484611877639173 147 144 84 1.0571571728827922 4 54 26 93
514 -0.056054843066039299 -0.99650783616803473 7.5066792875736486 74 158 35 0.97655188424578565 29 77 26 150 36 124 41 101
515 0.23431569423668633 -0.025720180054148528 8.0693199606791595 111 144 79 0.76535160960491955 29 168 45 161 26 197 31 143 36 169
516 0.036398489898848536 -0.32329099394169897 7.9473505953724386 174 187 155 1.5963749028256657 29 185 26 215 36 181 41 164
518 0.90682002326669997 0.0041749518804265187 8.5418175644511454 33 33 33 2.1032997921705792 10 176 26 231 9 161
519 0.11088541328340557 -0.93006858431053907 7.5030772643582546 148 165 112 1.2515801247648046 29 205 26 234 36 201 32 192 2 48 31 172 30 147
520 -0.1570393666471904 -2.7518073928556017 6.590770603925062 185 180 74 1.5719691711534061 19 0 24 2 45 0 25 0 47 2 22 0 48 0 47 1 23 0
521 -0.26083149019470936 -0.22496228472770774 8.4685746873661945 179 228 165 0.4236536505759686 21 43 46 48 44 46 45 47 47 49 48 41 17 57 16 66
522 0.74893250251143184 -2.6539103411792548 6.5518613145275841 230 212 82 0.8088992592250045 44 173 45 184 46 187 47 183 48 185 29 196 31 145 30 129
523 0.10619040929334493 -2.2952465622548557 6.5141555773427546 115 70 50 1.6142772922246513 18 64 9 58 1 6 16 72 6 64 12 57 46 135 24 72 19 72 21 55 14 47 25 51 45 7 45 137 47 139 48 3 48 130 29 175 44 5 44 121 22 59 18 63 9 57 1 5 16 71 6 63 12 56 46 134 11 171 18 165 9 174 4 217 3 201 8 186 2 194 1 203 7 200 5 193 16 204 6 184 10 152 12 154 24 71 24 151 19 71 19 156 21 54 21 142 14 46 14 169 25 50 25 134 45 136 18 166 19 157 47 138 48 129 29 174 44 4 44 120 22 58 22 141 26 202 26 203 20 154 20 155 23 63 23 64 23 136 23 137 17 65 17 66 17 147 17 148 13 59 13 60 13 146 13 147 15 130 36 173 36 174 32 112 32 173 32 174 31 52 31 53 31 146 31 147 30 78 30 131 30 132 39 12 39 13 39 140 37 130 34 57 34 150 41 74 41 168 40 10 40 11 40 152 35 9 35 10 35 129 38 5 38 6 38 122
524 -0.27776040458666335 -0.63415972948443722 8.1269658626123054 17 17 15 1.4298000100756183 44 43 46 40 19 54 45 39 45 147 47 133 20 49
525 0.39109762828189054 -2.2712645853360902 6.4486790444872542 8 7 8 1.1315499177528128 14 48 26 62 20 4 36 3 32 9
526 0.047883174982075179 -2.2464239427857549 6.6034642514916015 189 136 105 0.34349639724261055 26 67 20 13 36 11 32 18 31 8 30 13
527 0.31377497286414591 -1.3527148489870924 7.0778824443464776 87 154 25 0.46994558274809545 2 129 20 79 15 90 31 66 30 58
528 -0.069207283914670015 -2.314028715576979 6.6153799604726995 31 22 20 1.6874200672464721 18 5 9 10 6 8 24 14 19 11 14 8 2 6 3 6 21 8 25 10 22 7 26 66 20 6 9 6 10 5 23 12 17 9 6 5 4 97
529 0.19914672675380846 -2.3639823193556193 6.4519088952918198 195 176 165 1.7838084454791736 14 0 18 58 45 3 47 5 20 58 29 2 26 5 36 52
530 0.048044444604875489 -0.77120583624515904 7.7676202599429978 30 45 3 1.1029217611129203 47 85 48 34 12 142 19 124 21 38 18 43 19 50 25 35 25 105 45 37 22 44 23 53 13 41 15 101
532 0.64349097275195111 -0.51673932725578209 7.8471059729245871 0 0 0 0.19342791947541457 4 66 8 36 1 51 3 50 5 46 6 51 7 53 16 57
534 0.42977951461492592 -1.118147871542462 7.790423854878628 0 0 0 3.6403387218648211 11 157 45 158
535 -0.16105749623576077 -0.24074011503602144 7.9355468942612264 0 0 0 1.2470620710883791 3 99 9 48 1 59
536 -0.11664674865187964 0.96407937812235822 7.1338456153884273 42 44 43 1.3800989318445276 18 132 19 131 21 121 23 118 25 114 46 53 17 123
537 0.3743087762395465 -1.2406508608799753 7.1340132322789778 78 161 23 0.8281380075748086 14 119 44 129 17 139 13 131
538 0.79145926922402421 -2.4059906790027856 6.6460384800567587 101 102 103 2.0219010057198314 4 92 8 103 2 71 7 110 5 107 16 70 10 42 12 53 24 9 19 8 21 3 14 5 25 6 23 7 17 4 18 59 19 5 22 53 23 61 17 61 3 67 13 4 43 61
541 0.23522436246153028 -2.2421019839128031 6.4806316879563957 202 186 176 0.13475416424264305 48 57 13 63 31 55
542 0.88482413627514056 -0.04008438686494134 8.6734188134908567 31 35 31 1.2294056822052941 17 59 18 176 13 144
544 0.65620601211612695 -0.47750482132867561 7.8951904453993391 64 98 37 0.46540455563094746 12 191 44 166 46 180 47 175 48 178 13 173 43 202 15 150 28 131
545 0.17641296151894467 -2.1578470220447605 6.584453861730692 149 121 101 1.1107993081495338 11 17 2 120 16 124 12 16 24 111 19 110 21 20 48 68 44 17 20 106 17 102 15 82 36 58 32 23 46 10 37 18 34 15 41 11 35 21
546 0.5338466010961187 -2.279051742963083 6.467140172868965 184 181 173 0.12309468357579911 44 8 45 9 47 7 48 6 43 4
547 -0.69586064201392084 -2.6854727280002941 10.360833913444402 53 141 1 1.2790527286563598 18 75 43 9 17 105 20 73 23 72 22 72 19 84
548 0.070010017555506884 -1.0504878626125267 7.3686731340826892 203 221 171 1.125068113124287 45 124 46 120 48 116 43 28 44 108 47 116 30 66 3 38 5 34
549 0.094530797279761838 1.0349008888588307 7.2706072322464026 44 44 44 0.69292440909315012 25 115 43 53
550 0.094530797279761797 1.0349008888588307 7.2706072322464026 44 44 44 0.69292440909315012 25 116 43 54
551 0.83803902153136134 -2.3965889769923288 6.8604445871286215 14 10 0 1.9575277793232493 45 62 43 71
553 0.36946360537676687 -1.7561368903186105 6.8253154853585309 178 129 139 0.51257345727008641 29 63 43 133 36 63
555 0.86689160866801607 -1.4223972904751705 7.8675833757973122 47 124 8 1.1597936247781349 46 28 43 169 44 33 47 36
556 0.15888749491110027 0.17006641397606959 8.2307890845526526 66 178 15 0.50736791729791164 44 135 43 171 45 162 46 146 47 152 48 144 48 158
557 0.88190192634536457 -2.2365463551446507 7.3141435290932808 147 31 34 0.32696592963532289 45 138 48 131 43 177
558 0.89610147571246934 -2.0368220630161078 7.354438654880199 148 30 30 0.78369004311158663 45 110 46 105 47 101 48 102 43 182 44 95
563 -0.73581993010593494 -0.4718459894011498 10.000434715646914 0 0 0 0.78955794221100839 10 193 16 243
565 0.21807634435939893 -2.5135891064103699 6.3695044939048628 181 164 32 0.57598021701106761 21 48 15 41 39 93
566 0.26292155039980963 -1.1790530790782054 7.2067342499570639 200 171 47 0.49410136233673158 2 183 3 192 15 117 31 135 30 122
567 0.93234311179260365 -0.52874073290393064 8.1974864930330131 0 0 0 1.6884350017642558 11 174 29 194
568 1.0532256322142446 -0.68728785524597469 7.9130490016139863 208 207 205 0.82121700503947004 46 179 15 167
569 0.67036471974786094 -1.7746986220557104 6.9305535107340051 193 181 183 0.45663617901194253 18 171 4 220 12 156 46 149 24 156 19 162 21 147 14 173 25 139 45 150 47 141 48 146 44 139 22 146 20 160 23 142 17 155 13 150 4 221 46 150 24 157 19 163 21 148 14 174 25 140 45 151 47 142 48 147 44 140 22 147 20 161 17 156 13 151 43 178 28 116
571 0.049833092010311004 -2.2466485691749449 6.6073289091331988 148 95 62 0.29591061924144502 26 68 36 12 32 19 31 9 30 14 41 10
572 0.15633387160818257 -0.91378334691205976 7.4668372489536488 162 179 133 0.52737697443951215 26 151 29 39 36 32
573 0.30015455202972785 -0.68653706427389105 7.5865715039697283 177 146 90 0.41328933984143917 29 83 36 36 32 56 39 44 37 32 34 33 40 42 35 35 38 35
574 0.52828400853408464 -2.467372476550485 6.2663244681414119 174 160 17 0.79023644663825288 3 62 8 51 26 57 5 57 36 48 31 110 30 98
576 -0.099722164980885902 -2.4028514604652567 6.72657699502121 36 22 20 0.39753282120131761 26 63 36 55 34 66 35 60
577 0.2455284798352621 -1.2430791462438739 7.1944767462325085 187 172 49 0.27480439204823542 29 71 36 73 32 92
578 0.057603287539679124 -0.68292205228605818 7.6622148741999263 184 135 76 0.25043748261581228 26 99 29 84 36 87
579 -0.0095125143125460651 -0.074544092606072976 8.0788177106135475 61 154 14 0.33915684346357766 26 49 36 93 41 109
581 0.14954613075650317 -2.0861543566006393 6.6063491675181929 147 113 84 1.1421604316448715 26 126 29 62 1 20 8 13 36 104
582 0.3769092668319145 -1.356642131509469 7.0899863323265793 60 134 0 0.51543044551313943 26 134 36 110 32 126 31 98 30 86
583 -0.18154445967378222 -1.151943531213075 7.5711427201147803 77 162 36 0.63477970866962252 36 122 41 136
584 -0.89257918222079646 0.78884639716429483 7.9031174147625887 40 40 42 0.21113698677065632 14 146 36 138
585 -0.47122117113438228 1.0084903426936089 9.26517317129756 40 40 42 1.4122270477581811 11 166 36 139 10 147
586 -0.14858523743880853 -2.1827206305180193 6.8744630062092016 205 78 91 0.76312172277021606 26 165 36 142 39 130 37 117 34 138 41 153
587 -0.012997119650394892 -2.0964615024149138 6.7403147123096963 17 18 12 0.75874868093487069 29 104 36 143 32 118 34 17 41 121
588 -0.18746315302467062 -1.8392200220562558 7.1404358362472973 128 174 105 0.97244642348898647 26 169 36 148 39 132 37 120 34 152 41 156 40 139 38 116
589 -0.18129276395598434 -0.3497310126271983 8.2267306685234445 70 163 23 2.726206532174638 26 40 36 157
591 -0.084687738567243639 -2.5368159716272696 6.5776638927901629 104 22 14 0.31246270592017883 26 179 36 171 39 150 37 136 34 157 41 180 40 165 35 133 38 131
593 0.1252197913254291 -0.93194286581326902 7.5136185753999385 151 169 118 0.2818084269228428 29 204 36 200 31 171 30 146
596 0.53861961034151662 -2.3224719140244585 6.4375942416470773 168 160 61 0.74407547592407142 29 96 32 4 38 109
597 0.44363357065279219 -2.2982906077492933 6.4241158974251436 160 156 118 0.3310647471946867 29 58 32 5 30 6
598 0.1406698368473312 -2.3398840653100024 6.427298852823033 185 155 119 0.23969694781016032 14 4 32 8
599 -0.0020691312994434489 -2.2863225359988819 6.6065259021708442 107 67 37 0.1810716849861197 36 10 32 15 41 8
600 0.75503092154656759 -1.8991994901929814 6.9646055949092665 99 30 3 0.43068358463155521 36 15 32 32 31 58 30 55 26 182
601 0.32394002064498945 -1.6904719318477319 6.8927980775064572 183 163 162 2.0361962585553237 4 42 32 37 34 19
602 -0.19387088542598399 -1.7340260418288711 7.6875881559640922 94 196 49 1.9696002770400125 24 38 32 40
603 0.56274327635571386 -1.1604616181053271 7.3775439626211794 64 119 0 0.14146253226440345 36 25 32 43
604 -0.021136924420439573 -1.2525579698885525 7.3064560871516875 79 165 20 0.064516614310387799 29 28 32 45
605 0.76707907603233694 -0.99059589029252348 7.865820705748642 151 124 68 1.274224106545103 29 35 32 47
608 0.35871139244141287 -0.23166314451202016 7.9144028129042132 144 164 116 0.36730512479334021 26 156 36 88 32 102 31 80 30 72
609 0.01960516560557778 -2.3368744670685393 6.5768472747370597 195 173 142 0.4353587987655006 26 115 36 97 32 113 39 64 37 52 34 100 41 76 40 67 35 52 38 55
610 0.82441947918151592 -1.3385772730512921 7.5837172940586086 142 138 28 0.36466809927450627 36 67 32 127
611 -0.14677403261552902 -2.644839802205222 7.3037772753383292 220 217 221 1.1173701139116048 36 54 32 145 31 114 30 103
613 -0.2309644807179573 -2.3466006391797696 6.8853676529399221 83 193 36 1.3922127033230243 36 57 32 166 31 90 41 85 34 70 37 62 39 74 35 93
614 0.71599613759437131 -2.1479875388988852 6.7943099504594331 15 14 10 0.42865929626991739 36 175 32 175
615 0.84125403288275191 -0.44762571923392647 8.4443734523363574 155 176 129 1.5307684244595856 11 57 36 179 32 180
616 0.24244258205663455 -1.3960882899860696 7.3013087818455693 186 173 49 1.1560877742649573 36 204 32 197 31 175 30 149
617 0.48236839154754124 -2.904342914996108 6.9632577037809185 225 206 85 0.0086934880132793699 29 208 32 198
618 0.28758069215840226 -2.5002686436100765 6.3321828815710361 179 167 25 1.6597081174808892 22 51 34 46 39 55 36 50 41 65 35 42
620 -0.14786528347305206 -2.5496851283024879 7.2355482942209601 10 12 8 0.44696004771987136 32 86 31 6 30 11
621 -0.071324436877208963 -2.326870452284298 6.6708731684934941 60 42 28 0.39491601677019056 32 14 31 7 30 12 39 24 34 13 40 20
622 0.22699217980592531 -1.7033730918723176 6.9157285361250604 218 187 185 1.019263162620162 2 83 3 80 7 83 31 18
623 -0.02749942906579041 -2.5140234990668771 6.4965212485594073 57 33 8 0.17556921330733993 32 76 31 44 30 43 39 56 37 44 34 47 41 67 40 56 35 43 38 47
624 0.024218418048415988 -2.4608608939896568 6.4882709347535945 193 187 173 0.3052978727536394 26 58 32 78 31 47 30 45 39 58 37 46 34 49 40 58 35 45 38 49
625 0.18710617047651235 -0.42201969125806826 7.6233653018047196 166 187 146 0.59050426082824781 32 100 31 79
626 0.61135402671116346 -2.3620745794695033 6.2129235719124054 29 20 17 1.7629269697603831 26 222 31 86 30 76
627 -0.060849282246924055 -2.2378501181615742 6.692483944937087 48 32 24 0.24748973269196389 32 117 31 92 30 80 39 102 37 89 40 99 35 92 38 90
628 -0.10395283714739784 -2.8151274573061928 7.0699671951604897 17 13 13 0.74904453544884853 32 160 31 111 30 113
630 -0.14259174631348828 -2.7343831479963598 6.5861350958676255 211 196 53 0.81465476821303806 32 187 31 159 30 136
631 0.68639105220243513 -2.2977685566024069 6.6175451499479685 53 51 4 0.62175450711802416 32 172 31 160
632 -0.12486354445367158 -2.5783286503948193 6.8072843557304568 25 26 26 0.75253380930263924 32 194 31 168 30 143
634 -0.10075753392067641 -2.1428693800389764 6.9155768124033985 16 18 13 1.1428629936107784 32 196 31 174 29 202 30 148
635 0.32224242638108841 -2.0726543911233311 6.3684215572285279 95 99 99 0.79090895539888084 32 195 46 195 44 182 45 194 47 193 48 194
636 -0.070767888971626447 -2.5399367826403711 5.8701855672538406 225 207 83 0.097532195882500644 36 207 31 179
637 0.48512046252319874 -2.2646065620290514 6.4509650955394608 12 12 12 0.48505304928872645 11 109 18 102 9 98 4 137 3 112 8 104 2 110 1 116 7 111 5 108 16 119 6 101 10 92 12 98 46 98 24 74 18 66 19 74 21 57 14 51 25 53 45 104 47 96 48 95 29 59 44 91 22 60 26 6 20 61 23 66 17 68 13 62 13 96 43 66 15 77 31 50 32 7 26 7 36 2 30 48
638 0.31418908972147475 -1.2383090325098673 7.1669557432405497 84 160 24 0.56661776763742877 11 131 18 119 9 120 4 197 3 172 8 159 2 163 1 176 7 173 5 167 16 178 6 118 10 109 12 117 46 119 24 125 19 122 21 112 14 122 25 103 45 122 47 114 48 114 29 123 44 106 22 106 26 142 20 119 23 109 17 116 13 114 15 97 36 152 32 132 31 104 18 156 12 159 30 90
641 0.61523118410336386 -1.6374886365800552 7.0885575711041229 154 24 24 0.7275318995603911 26 235 30 144 36 196 31 169 39 109 34 140
642 0.64861726917568541 -1.776846000151145 7.0918242406235636 179 155 143 0.27755256392118333 43 12 28 12
645 0.61924009130367286 -2.3199378570580458 6.5208796901726425 116 123 119 0.48709816669847683 48 56 28 41
646 0.41899634365871569 -1.5212605058743003 6.8247440015122391 217 181 43 0.71062933858335331 45 155 46 155 47 145 28 83 44 144 48 151
647 0.67930141047623105 -1.6486247479618554 7.0981745368209861 152 135 54 0.8510515697869323 43 82 28 85
648 0.87624353143222933 -0.23356332138999125 8.4319305900217643 114 146 106 2.2465218360287995 43 46 28 93
649 0.11835850300430024 0.32285269496128188 8.8348973372254029 70 170 22 1.6651563967781013 46 183 28 122 47 182
650 0.58684298892664577 -1.3849707387572596 7.317112494644606 183 176 49 0.35015049290164701 43 215 28 139
651 0.39025702749398727 -1.6404657095806878 7.047531857115473 185 19 28 0.63317304272588859 43 217 28 140
652 0.84832422226544701 -1.960296670415727 7.6691400746966334 40 98 13 0.54564098486654589 45 17 28 14 44 19 46 17 47 21 48 16
653 0.32324088772495646 -1.8030451437689565 6.6682037054517673 198 27 38 1.1296099427700785 47 158 28 99 46 165
655 -0.080880665638854793 -2.3242997181634237 6.6637895495994401 62 41 24 0.19517901533012769 32 13 39 23 34 12 40 19
656 -0.07648939648526186 -2.3345874714954862 6.7236407930765214 45 21 17 0.25079347452413536 36 56 39 100 37 87 40 97 38 88
658 0.57100428318723417 -2.6019066512347773 6.5406343943892056 233 215 87 0.94185006677934258 36 194 39 154 37 151 26 233 34 173 40 174 35 152 38 135
659 -0.032384047463358608 -1.5553279348603395 8.0985136223882872 75 178 24 1.392578613931762 36 192 39 158 37 141 34 161 40 155 35 140 38 124
662 -0.16215457389686844 -0.21503346560908956 9.0338882132415161 137 195 113 1.0329600939559216 39 171 37 158 34 172 41 202 40 194 35 159 38 151
663 -0.13407923570970776 -1.9168098521905821 7.0572134349218754 165 35 25 1.2578914328302524 36 20 37 22 38 22
665 -0.040227054917654936 -2.5769941180553482 6.3966720493522651 179 166 26 0.12959364149053595 30 42 37 42 40 92
666 0.047440963272075101 -2.7894557932218675 6.8736153768336559 185 169 30 2.5180236365364173 36 49 37 43 35 1
667 -0.16248656626633445 -2.5544398634393595 6.6916253337551277 28 15 14 0.47760812322591678 36 0 37 51 34 55 41 1 40 66 35 51 38 54
670 0.02292472853910817 -1.9174986570989281 6.8358828701915204 53 160 4 0.82679267653138733 31 148 37 133 25 154 35 138
671 0.71594373384891574 -0.80375958824742655 7.8714367654633701 125 140 102 0.57414265178640966 26 219 39 160 37 146 34 167 40 181 35 149 38 140
735 0.43003915865279668 -2.1545101566070173 6.5076383651627401 179 179 179 1.6785508103611988 26 8 31 56 11 113 4 140 8 107 2 113 1 119 7 116 5 111 16 122 6 104 11 145 18 143 9 136 4 179 8 144 1 157 7 153 5 147 16 161 10 55 10 97 19 142 21 97 18 105 19 109 14 151 25 91 45 107 48 98 44 122 23 96 23 126 32 17 31 11 30 16 30 51
737 -0.19119873854519601 -2.505089442699052 6.8321213589136249 28 1 0 0.68716216697613097 36 5 34 62 41 117 35 57 38 59
738 -0.21961128298313554 -1.5262948320552063 7.418045532553827 75 166 34 0.78266960017369447 36 22 34 80 41 129
739 -0.14477708563339872 -2.2686712947125605 6.8095704464448472 221 87 89 0.78479205661608031 36 59 34 102
742 -0.15452414388237301 -2.6177501271535664 6.7041314588376011 166 16 2 0.63940058569016989 36 170 34 162 41 188 35 134 41 181 38 136
746 0.18894310170431614 -1.5796441138712551 8.1302800350010713 138 189 115 1.1955560515823302 37 162 39 175 34 185 41 209 35 164 38 155
751 -0.23056877831301636 -2.7288615846510544 6.9001375118075341 202 122 59 0.32368985012958235 34 0 37 5 41 0 40 4 35 3 38 4
752 -0.20330293865671498 -2.6346275117730813 7.1028108948550113 141 29 0 0.26056616759591927 34 8 41 9 37 15 39 18 40 16 35 16 38 10
753 0.48481001190406531 -1.836357726366578 6.8330512431312282 94 30 3 0.35357643068676409 37 92 39 105 41 20 34 104 40 102
754 -0.064393654003290487 -2.2658784805491239 7.6469043443041622 111 192 53 0.76643288793747 37 93 39 77 41 23 34 106 40 104 35 98 38 93
755 -0.13981177060429828 -1.9578759625688014 7.0027211582207594 153 53 34 0.50351549019630348 36 17 41 24
756 0.54559437267392807 -1.4453179976319226 7.169569212455241 119 82 7 1.3481839142332877 39 32 41 26 38 23
757 -0.1980822563246491 -1.5631668608047264 7.3641264254580792 66 161 26 1.2013987215614368 34 26 41 32 38 27
758 0.59675850166750688 -0.40551632698877266 7.8641045237244613 13 15 12 0.80344885456727677 37 126 41 49 35 126
759 0.35017890710364508 -2.2472496844351237 6.4800047451456964 37 30 22 0.47180887866965054 34 135 37 129 39 139 41 71 40 135 35 115 38 121
760 -0.19099949609497829 -2.6680113611848504 6.8536575742694996 186 113 36 0.2437870503642923 34 52 37 48 39 8 41 72 40 60 35 47 38 51
761 -0.17447426394245744 -2.638957660712379 6.8259740240626696 178 100 35 0.19829357068690154 34 53 41 73 40 61
762 -0.16486313361514315 -2.395304456750055 6.6730975365948053 33 23 21 0.10222902071179329 34 67 37 57 39 69 41 78 40 74 35 61
763 -0.21665053728540729 -2.5188007382200372 6.8811770898316347 196 115 57 0.23345199569879838 34 65 41 79 37 56 39 68 40 73 35 58 38 60
764 -0.23462860931154303 -2.5687342686505765 7.0097689120227651 145 32 0 0.35133416844845894 34 10 39 21 41 80 40 17 35 18 38 13
765 -0.23462860931154303 -2.5687342686505765 7.0097689120227651 145 32 0 0.35133416844845894 34 11 39 22 41 81 40 18 35 19 38 14
766 0.42017201539060339 -2.1416431019167406 7.5814070927040698 171 125 132 1.3978781138350884 39 106 41 87 34 105 40 103
767 0.38939392510951865 -1.2435494111925589 7.2336636469235458 124 129 31 0.19771878739814797 39 135 41 95 34 143 37 123 40 141 38 96 35 101 37 96
769 -0.31475156572684793 -0.55340272788197609 8.2834262486701142 192 201 191 0.19316399137414253 34 39 37 36 41 106 40 51 35 38 38 37
770 -0.31482594628448068 -0.55383889466771385 8.2832339391637984 192 201 191 0.26353158374617769 34 40 37 37 41 107 35 39
771 -0.19159968432838714 -2.5035099776513268 6.8331068966399382 53 4 3 0.5022557236401245 34 61 36 4 39 67 41 116 37 55 40 70 35 56 38 58
772 -0.18850435576370969 -2.6536935455462172 7.1759317587221538 212 157 53 0.21166148289486356 37 58 39 70 41 118 34 64 40 75 35 59 38 61
774 -0.29160851052640285 -1.6218648548620571 7.7273793962450021 66 165 21 0.25705469637738904 34 116 37 100 39 114 41 132 40 114 35 106 38 99
775 -0.24829035038775693 -1.1532800268335701 7.6127617815322708 135 187 115 0.2784931076034261 34 121 37 104 39 118 41 137 40 118 38 103
776 -0.32181578416284085 -0.63066315901691505 8.5419821626174759 61 63 62 0.53915892480527061 37 106 41 143 34 126 39 122 40 129 35 83 34 94 39 90
777 -0.033856953346421081 -2.9417692474685793 7.2084664156370133 12 9 12 2.2475064701210901 39 4 41 147 40 0 37 2 39 6
778 -0.15443832344796132 -2.6875544332110564 7.1607871776489631 212 159 55 0.36967634925087617 37 86 39 98 41 150 40 96 35 90
779 -0.056058490785996992 -2.704636693833514 7.3562005683945113 51 46 28 0.36380295316272904 37 16 39 20 41 152 34 9 40 72 35 55 38 12
780 0.32098667529973557 -1.9288309862009667 6.7970849602560159 167 155 47 0.67172018872123807 37 132 39 142 41 154 34 151 40 153 32 176 35 130
781 -0.2652402741340234 -1.9870832258603026 7.325317853813381 134 192 109 0.11809951134281987 37 94 39 110 41 155
782 -0.38221490142381659 -0.14658589243341136 8.4087815080294224 60 162 8 0.095705658593003548 37 128 41 167 40 151
783 -0.17990632347388666 -2.3701523291508106 6.7534788746775138 61 62 66 0.22279357172378231 37 131 39 141 41 169
784 -0.25571748146321094 -2.0987651075459799 7.2987829661177113 177 22 20 0.19284433031598147 34 139 37 118 39 143 41 171 40 154 35 119 38 114
786 -0.20774684044311675 -0.56976603737665732 8.7895932864845143 109 194 76 0.50796861771321289 37 127 41 187 39 138 40 150 35 128 38 120
787 0.52520609495637216 -0.34830150754854083 7.7870765899525267 31 31 29 1.4372642294274822 37 147 41 192 40 183 35 150
788 -0.25410591736572463 -0.93092681244433051 8.4641033991635375 140 214 110 0.90401807275807278 37 134 39 147 41 193 40 173 35 127 38 128
789 -0.22086521570394932 -0.72163211654061998 8.6340282407635449 173 211 160 0.40172874730607072 37 142 41 194 34 155 39 148 40 163 35 131 38 129
790 0.13818991032298003 -0.039500157145821939 8.084200849512321 136 149 119 0.34051004823859621 34 183 37 157 39 169 41 195 40 192 35 157 38 150
791 -0.170628388744339 -2.1031450275145742 7.0636300844596258 119 122 119 0.59646269302319954 34 176 36 188 37 152 39 165 41 196 40 187 35 145 38 145
792 -0.13809201581063887 -1.8268746116397543 7.2599865782888733 128 181 104 0.95874674813241434 34 165 37 144 41 197 40 168 35 146
793 -0.26524023242518469 -0.3200522774664743 7.9787006544934513 54 163 10 0.7268020334856492 37 156 39 168 41 199 34 180 40 191 35 156 38 149
794 -0.23220155768143436 -0.33722336361491578 8.657023445181073 138 139 142 0.84100269976725273 37 150 39 164 41 201 34 171 40 186 35 151 38 143
795 -0.098574235177123201 -2.0849729881422188 6.8010837380452731 13 12 9 0.19066773851658489 34 174 37 159 39 172 41 204 40 195 35 160 38 152
796 -0.16355923839006184 -2.2307512820834554 7.4058631383875033 207 82 96 0.99832503553511331 37 161 39 174 41 206 34 182 40 197 35 162 38 154
797 0.63993401483692547 -2.8714698942246728 6.9183533045188277 225 206 85 0.59219892840975752 37 163 39 176 41 211 34 186 40 201 35 166 38 156
798 0.081947004490149924 -2.4601102903240051 6.4780178426925827 169 166 153 0.39766977422070732 31 46 40 2 38 3
799 -1.6344015234531752 -2.5301304730455896 5.7252191290018759 221 149 78 1.8812132962858268 34 2 37 10 39 11 40 9 37 8 35 6 38 7 37 11 39 14 40 12
801 0.014751357790595986 -2.0671107515057776 6.7047749350677854 157 133 108 0.16532854910968561 34 71 37 63 39 75 41 13 40 78 35 64
803 -0.033215096688758473 -1.2517624783006451 7.9412211865186659 143 187 120 0.68144125332570782 41 191 40 170 35 142
806 -0.1623394067893979 -1.4733413923430003 7.3692443962681748 73 112 57 2.2400115140134114 36 72 41 98 40 112 34 82 36 113 35 28
807 -0.077176332163911149 -1.7421005532904259 7.9568835440474057 94 175 63 1.5655235098853353 37 26 41 128 40 34 34 160 37 140 39 157 35 139 38 26 38 134
810 -0.87243037872093077 -2.6427307952239838 6.0380634078518023 184 168 27 0.24408943901588839 41 66 35 2
814 -0.16674131357162444 -0.66494561431388444 8.6297026531126484 207 212 203 0.70845014025015596 34 37 41 57 35 36
823 0.011104351414985333 -1.778152426809293 7.6682540211079262 65 169 13 0.75555446016464833 41 158 35 100 38 95
824 -0.28152936320930044 -1.6029067312934389 7.6466133705972643 141 184 112 0.25918693987461622 34 115 40 113 35 104 38 97 41 130
825 0.51026722501109323 -2.5583723340846811 6.3730629747875227 241 222 92 0.53631982682298807 41 145 35 114
830 25.887019544135569 -11.438073981103713 71.037430971662971 179 129 119 0.047771392760284165 36 191 35 148
834 -0.035064789938383009 -1.4401597588130732 7.7933876197735419 0 0 0 2.9616077503109253 26 236 36 206
835 -0.050091688009997908 -2.3443413502670332 6.6238649423787805 209 196 188 0.69357005308721886 30 8 31 2 39 19 35 17 29 5 31 3 30 9 36 6 34 63 37 116 39 129 40 71 38 11
836 0.11407383648284639 -1.2273058755602932 7.2578348205582355 119 109 15 1.6656489635828622 30 110 31 121 39 115 37 101 34 118 40 115 35 107 35 74 38 74 38 101 34 85
840 -0.12835326176648029 -1.6641447280687689 7.8604775685619579 68 178 20 1.5956437224017588 34 113 41 174 35 102
847 -0.078894356548246947 -0.57596118615231673 8.8369705212988663 99 103 100 0.32323639865526554 34 93 35 82 39 89 41 58 38 36
848 -0.2067929076318181 -2.447909147849431 6.9409546649169611 204 134 56 0.2029080652579239 35 22 37 20 39 27 40 24 41 84 38 63
