# Frame list with one line of data per frame:
#   FRAME_ID, RIG_ID, RIG_FROM_WORLD[QW, QX, QY, QZ, TX, TY, TZ], NUM_DATA_IDS, DATA_IDS[] as (SENSOR_TYPE, SENSOR_ID, DATA_ID)
# Number of frames: 45
1 1 0.98097764657523079 -0.19122385664653938 0.033003898201145243 0.0051996415716669755 -0.88445205396831361 -1.9996964776373529 0.3129617080199098 1 CAMERA 1 1
2 1 0.98114594759495133 -0.19088450689186737 0.029897237166130863 0.0046786490022061502 -0.83350163622712259 -1.9954734475384048 0.33834812112981255 1 CAMERA 1 2
3 1 0.98399878526007534 -0.1756540167896575 0.029836797127961726 0.0013500109258084609 -0.8560275487395157 -1.9254259843088521 0.19330009597966455 1 CAMERA 1 3
4 1 0.98573848015108911 -0.16433933756659364 0.035898551328134964 0.0048502463994582771 -0.97311632405086412 -1.8293033196112358 0.16369614524701528 1 CAMERA 1 4
5 1 0.98113201724461319 -0.19065494727217369 0.031772919991555737 0.0045975399260033108 -0.86802872618308469 -1.9961507321120291 0.28875671739449243 1 CAMERA 1 5
6 1 0.98692781590754353 -0.1576353908525035 0.033226783928241355 0.0045332734894706411 -0.9662738563309905 -1.659277971549592 0.16397129537707514 1 CAMERA 1 6
7 1 0.98149261789424158 -0.18888739968121471 0.031380189381413813 0.0030124699441107139 -0.85903802994744582 -2.0216981873005166 0.25448784037635691 1 CAMERA 1 7
8 1 0.98141823224012548 -0.18948324272722333 0.030091179729032608 0.0029791030123780958 -0.837354073244851 -2.0081127759445181 0.26470835954584909 1 CAMERA 1 8
9 1 0.98961256641241502 -0.13998032504071511 0.032731381793689875 -0.0010647281366508324 -1.0368028875589181 -1.1989532952373967 0.25652917996111191 1 CAMERA 1 9
10 1 0.99342260539068172 -0.10933712382032819 0.03359259299676997 -0.005334618003325479 -1.0885261745308632 -0.93093403519002715 0.32660169592266608 1 CAMERA 1 10
11 1 0.99474278489264256 -0.096682026874067281 0.033693840305642021 -0.0020255145050494172 -1.0904524483860385 -0.74719399262003039 0.42747514047201268 1 CAMERA 1 11
12 1 0.99641965883260408 -0.077806757875113389 0.032943018416003 -0.0029545657080745332 -1.0407585561736239 -0.56867093601177099 0.54003438556821437 1 CAMERA 1 12
13 1 0.99759927465087173 -0.058895795571386994 0.035489464157272971 0.0082140376123872923 -1.0480568226726539 -0.21713067028012026 0.71295131517617372 1 CAMERA 1 13
14 1 0.99835721759758522 -0.044858206252810492 0.03421572364420921 0.0099945814365193439 -0.9324126942549007 -0.12253576936508388 0.80622728324405046 1 CAMERA 1 14
15 1 0.9973020277675082 -0.064489840416041652 0.035012755547940831 0.0019577647637075519 -1.0494220918123573 -0.36622892467917989 0.61879951435504454 1 CAMERA 1 15
16 1 0.9882027278314589 -0.14855812228036513 0.036780773096340529 0.0057469767209592524 -1.0491771643297061 -1.4427544022050496 0.20509668097185105 1 CAMERA 1 16
17 1 0.99893609896618574 -0.022023425711462881 0.040056277363467778 0.0060937300507649481 -0.94101138113312244 0.16705660400913161 0.74774942937590072 1 CAMERA 1 17
18 1 0.99878077523284114 -0.020895437793459103 0.042516599342395357 0.0138810116728887 -0.97428114839566404 0.15337094594212258 0.73375944647477431 1 CAMERA 1 18
19 1 0.99868486497144049 -0.028635162884479485 0.042098281300678067 0.0060251668096553378 -1.0113506033080133 0.28164817986417562 0.89103617087150266 1 CAMERA 1 19
20 1 0.99874382124357197 -0.02390824433876769 0.043478249664950425 0.006986929690352992 -0.98149980458968311 0.22968022477801939 0.82268530760728542 1 CAMERA 1 20
21 1 0.99819601706975758 -0.033044185828636975 0.049446670221056727 0.0082352955651159854 -1.1314141187990479 0.26868481500140678 0.91599830375382341 1 CAMERA 1 21
22 1 0.99867759644698739 -0.030910208403494316 0.040886063100699511 0.0039933964800122311 -0.99777548680994388 0.28974844674151135 0.88989252620925519 1 CAMERA 1 22
23 1 0.99864182709898131 -0.027575901487186506 0.043619201849602648 0.0071718934446162652 -0.99735864507097483 0.24132887179038184 0.88786247993578571 1 CAMERA 1 23
24 1 0.99841841240977103 -0.033507900923807579 0.044898327673757552 0.004694092982973486 -1.0690952960269995 0.27900441095695977 0.89639750900386006 1 CAMERA 1 24
25 1 0.99839718873116645 -0.035474946976132717 0.043776186925147231 0.0053129209516811554 -1.0429523302130057 0.23718002217440223 0.91724566432012877 1 CAMERA 1 25
26 1 0.98868062929975775 -0.038967192274996634 -0.1060149140920788 -0.09875732460778601 1.5094964034852962 0.11739452762337227 0.98849684862259446 1 CAMERA 1 26
28 1 0.9265265619147347 -0.059533908973374641 0.32572472142330638 0.17862712448707441 -5.2732915455322598 -1.0809328068657347 2.9626808097246369 1 CAMERA 1 28
29 1 0.99704285378630342 -0.045949623524595806 -0.029512321774587118 -0.054066650303909947 0.25941695873258958 0.13517697047563063 0.92396668458417452 1 CAMERA 1 29
30 1 0.97293928294567977 -0.055186533478232457 -0.17207118497109142 -0.1439968941555578 2.6208854740126073 -0.34190695993689191 1.4268633955428691 1 CAMERA 1 30
31 1 0.97233679054591537 -0.05513371240834767 -0.17411183505425734 -0.14562454601124522 2.6561674768364969 -0.3571186568148631 1.4457901905573061 1 CAMERA 1 31
32 1 0.95769826346495479 -0.058288321536639758 -0.22110278747250922 -0.17472854689642967 3.3810993408985701 -0.60008618282157489 1.7615189356926653 1 CAMERA 1 32
34 1 0.88448484529042581 -0.051944693987915021 -0.37830540550589992 -0.26809201290432033 5.5154041779275058 -1.4759847195922087 3.3320992566693795 1 CAMERA 1 34
35 1 0.88011337696986269 -0.050526912394971202 -0.38508593164147897 -0.27304999552160741 5.6213971882466982 -1.5152896602746582 3.4151190103387323 1 CAMERA 1 35
36 1 0.96471562866603766 -0.053752027944757412 -0.2007828203655625 -0.1616191026623027 3.0405413925660874 -0.40869018899396764 1.563675024324253 1 CAMERA 1 36
37 1 0.88110790192994026 -0.049875437021959866 -0.38257439330433168 -0.27349248531963338 5.6042411650363588 -1.4994547020588316 3.3768928429706166 1 CAMERA 1 37
38 1 0.88055802492276714 -0.046797232832086692 -0.38246984907147835 -0.27594274459498963 5.6135270011425291 -1.4807540546574571 3.3498719986115284 1 CAMERA 1 38
39 1 0.8803762180244088 -0.048163476111049146 -0.38294251668744844 -0.27563204316447404 5.6146138192509651 -1.5011858452829347 3.3382865689167542 1 CAMERA 1 39
40 1 0.8803483965581187 -0.0493220188621947 -0.38267930177585835 -0.2758814802143274 5.6148615908970347 -1.5152732853476003 3.3286896224903089 1 CAMERA 1 40
41 1 0.83645542506758108 -0.050037421491620049 -0.44874912163541791 -0.31058461674223864 6.2783325482715719 -2.0512138247983294 4.2774187499274916 1 CAMERA 1 41
43 1 0.9671543638155079 -0.034053247338638466 0.2254688389310146 0.11232370884819451 -3.9290724990334782 -0.1005479661194808 1.6938924905331683 1 CAMERA 1 43
44 1 0.98772918236306195 -0.048601789904675972 0.14016539158821179 0.048811794961693668 -2.5557829646813741 0.054190800232892029 1.1582868980990531 1 CAMERA 1 44
45 1 0.98797061114538953 -0.050552385955676828 0.13851313789126857 0.046611569579971479 -2.5240232402433849 0.034719429380083038 1.1053035373909652 1 CAMERA 1 45
46 1 0.98855834873619386 -0.049209940519444759 0.13551926504969206 0.044331723386689746 -2.4620777439710402 0.056335023327009771 1.0592419599831757 1 CAMERA 1 46
47 1 0.98821311487006136 -0.049354848774342479 0.13768479289881239 0.045186682835588458 -2.4840431333544073 0.048292266354225566 1.090298190045798 1 CAMERA 1 47
48 1 0.98820432768323185 -0.048521630937515929 0.13803841127709016 0.045202379266939784 -2.492088150221174 0.058574884094423144 1.0807293334010812 1 CAMERA 1 48
