# Frame list with one line of data per frame:
#   FRAME_ID, RIG_ID, RIG_FROM_WORLD[QW, QX, QY, QZ, TX, TY, TZ], NUM_DATA_IDS, DATA_IDS[] as (SENSOR_TYPE, SENSOR_ID, DATA_ID)
# Number of frames: 43
1 1 0.97570922525015069 -0.20041656190919047 -0.086053011340452762 -0.020483864710799039 1.0161680636199411 -1.6782068121150246 -0.46497567636359738 1 CAMERA 1 1
2 1 0.97432541675309448 -0.20804312531785524 -0.083162741075260158 -0.022181045370707406 1.0625025815847204 -2.2392912552187636 -0.6214425139017794 1 CAMERA 1 2
3 1 0.9744314282276556 -0.20730035764449728 -0.083773357022438974 -0.022180578348319109 1.0650611595168746 -2.2144542014979556 -0.62056438528991342 1 CAMERA 1 3
4 1 0.97414976052969737 -0.2081862221360746 -0.084908956147061232 -0.021936502425380647 1.0631540572312637 -1.8802649906610547 -0.46651967237690123 1 CAMERA 1 4
5 1 0.9819622643433924 -0.16469393338858071 -0.089352560278675344 -0.025340475177890492 1.0224892235988343 -0.98943099076863406 -0.59956943998131806 1 CAMERA 1 5
6 1 0.97453540520040582 -0.20729633621226734 -0.082617636452729029 -0.021984065839062376 1.0358336056977655 -2.1149049599282863 -0.54713125828736697 1 CAMERA 1 6
7 1 0.98392481593569558 -0.15133643380398668 -0.091002599458527747 -0.02660389597765872 1.0015067616812923 -0.71733442504967604 -0.63687025153915766 1 CAMERA 1 7
8 1 0.98727671522837912 -0.1257603239636495 -0.094765947612600321 -0.022100761468915899 1.1603882898462519 -0.26880791393398562 -0.43307189411313562 1 CAMERA 1 8
9 1 0.98779193667544318 -0.12188098369684436 -0.092881817453780283 -0.028019344006410294 1.1435794089032061 0.24518562513509445 -0.0034572887407070913 1 CAMERA 1 9
10 1 0.9791824500557742 -0.18128540257150144 -0.088309802758476691 -0.023210149806040102 1.0567956620294288 -1.3068486506801962 -0.52947772758391609 1 CAMERA 1 10
11 1 0.98567432882370987 -0.13941171752830561 -0.092320432425521418 -0.022077777752794459 1.0697760070990467 -0.55754061680044165 -0.59611758700159267 1 CAMERA 1 11
12 1 0.9892805148921231 -0.1109927938177265 -0.089756574531294972 -0.030796426801168637 1.1501953970866865 0.29287328690290038 0.18185969177878761 1 CAMERA 1 12
13 1 0.99033044027053874 -0.10289229255147191 -0.087501050474464159 -0.031660091170566618 1.1304685539481589 0.34657806090774057 0.33540193577808064 1 CAMERA 1 13
14 1 0.99121262328194593 -0.095405871648978138 -0.085587430720470994 -0.0327115698811688 1.1002786900844055 0.40320775259967323 0.55028790067443256 1 CAMERA 1 14
15 1 0.99254669195151257 -0.084528286905846101 -0.081065412080324126 -0.033681329740962059 1.1036106062798505 0.56864158516057506 1.0029635917509583 1 CAMERA 1 15
16 1 0.98733867845027601 -0.1248380427447259 -0.093836181231278265 -0.027795111290646924 1.1797140275571842 -0.046660608714831103 -0.21662161071625871 1 CAMERA 1 16
17 1 0.99277035875289499 -0.084622338023672805 -0.078139432283429414 -0.033768384792267445 1.102081425646696 0.68853062557489275 1.2842528163101143 1 CAMERA 1 17
18 1 0.99451100874327514 -0.072291509898718159 -0.067651289974301351 -0.033839238316043269 1.0558432208804143 0.7652848320791118 1.0932512999165813 1 CAMERA 1 18
19 1 0.99384557739467516 -0.079598235079035878 -0.069276914677239787 -0.033701607649336836 1.1218303909657712 0.73916449291030561 1.241314281714784 1 CAMERA 1 19
20 1 0.99486880692396273 -0.066985449916290726 -0.067906493561544129 -0.033730025813494789 1.0209043394600985 0.96196358013462058 0.8919664718813971 1 CAMERA 1 20
21 1 0.99463717852549527 -0.067116990110908062 -0.070866278455386941 -0.034207649892648413 1.0004870834932527 1.0369382010183112 0.80745283721260253 1 CAMERA 1 21
22 1 0.99486425155516711 -0.067349152031518547 -0.06750960573338069 -0.033936202379408149 1.0403115021890077 0.82507618019636153 0.97146694730900984 1 CAMERA 1 22
23 1 0.99453235426584086 -0.067716597564660141 -0.071563025703252459 -0.03462068868329516 1.0016567888518639 1.0628141057081866 0.70621002129845967 1 CAMERA 1 23
24 1 0.99338402854303787 -0.085185665102521541 -0.069537055244343657 -0.033108492031369958 1.1290171920704637 0.75924035610927265 1.3388329508512773 1 CAMERA 1 24
25 1 0.99454011046579827 -0.065613711847852502 -0.073336821694477472 -0.034734997854858833 1.0238202103310658 1.160014455181225 0.63220379421606965 1 CAMERA 1 25
26 1 0.98741600056582912 -0.063608778838430483 -0.12655746173045393 -0.070333306204181031 2.6459652609820306 1.1024895994837205 0.80468768464052942 1 CAMERA 1 26
28 1 0.9797111728382123 -0.16913089589788499 -0.080107722520504659 -0.071718272855187809 1.5986303960190351 -2.1548436056517564 1.5746379130585622 1 CAMERA 1 28
29 1 0.99454666268018255 -0.064782155887375792 -0.073894128397918188 -0.034926577539276076 1.0122109968991515 1.1697096029717748 0.62602436275808004 1 CAMERA 1 29
30 1 0.9802258255218822 -0.16608088602575649 0.077942832962319908 0.074157838875282295 -2.8539182728534689 -2.2553509872430517 1.7713229734458489 1 CAMERA 1 30
32 1 0.96255902403242233 -0.17153940642912621 -0.15713795575282277 -0.13914747628871244 3.7072165660808798 -2.5767063352777066 2.1314412606512385 1 CAMERA 1 32
33 1 0.86944677618561939 -0.1524126113100239 -0.35220147590822959 -0.31110580139585625 8.3728161827887693 -4.2924195731091208 5.0495179323565909 1 CAMERA 1 33
34 1 0.96012008927778303 -0.17193840822049247 -0.16588833948886791 -0.14521589708241819 3.938734490688498 -2.6307337304413916 2.2281839638236103 1 CAMERA 1 34
35 1 0.9619490513615101 -0.055419030363435269 0.21935221544963712 0.1531905977389067 -7.8705451589071984 0.0014253206328910433 2.9537543098808219 1 CAMERA 1 35
37 1 0.99592068345519202 -0.062954885577291939 0.047368724987297176 0.043987254303619223 -2.9574609714137217 1.0746238848557326 0.99481036518324883 1 CAMERA 1 37
38 1 0.99453579772361889 -0.06282058193746666 0.063326612280612135 0.054238931666694384 -3.4355213639125259 0.98643414695648401 1.1183911455745714 1 CAMERA 1 38
39 1 0.99590917528101064 -0.064126891733278804 0.046523784628990067 0.04345335213215322 -2.9389698984585264 1.0677036454646611 0.96631569198220624 1 CAMERA 1 39
40 1 0.94207603410660656 -0.16799920374983324 0.21959284533306148 0.18986309746741165 -6.4667332749126798 -3.2946224783055387 3.4018894172273351 1 CAMERA 1 40
41 1 0.9958840919830263 -0.06377761596171376 0.047282375426810679 0.043722625851856468 -2.9472656662230183 1.1002096102664467 0.94913276249917156 1 CAMERA 1 41
44 1 0.99605348582643805 -0.068008228931123599 -0.053352344616901096 -0.020146004430978706 0.1581235220139707 1.2087508841040124 0.63310810098419135 1 CAMERA 1 44
45 1 0.95076350713131319 -0.1695085765617711 0.19611383459312959 0.16986747734792046 -5.9945466073646942 -3.0358186588934828 2.9133772103520017 1 CAMERA 1 45
46 1 0.95059491908153015 -0.16926593692624187 0.19675307513403614 0.17031315227592142 -5.9739478247953803 -3.0661681803706844 2.9909124426889639 1 CAMERA 1 46
47 1 0.95115866267018856 -0.16983913423720978 0.19467109676315691 0.16898233929628081 -6.0535563562340711 -2.9824986351293532 2.7485040209457119 1 CAMERA 1 47
48 1 0.95098423209840732 -0.16998021369124239 0.19516416435322381 0.16925326054758946 -6.0210808622459444 -3.0070630578837205 2.8131079513958874 1 CAMERA 1 48
