# Frame list with one line of data per frame:
#   FRAME_ID, RIG_ID, RIG_FROM_WORLD[QW, QX, QY, QZ, TX, TY, TZ], NUM_DATA_IDS, DATA_IDS[] as (SENSOR_TYPE, SENSOR_ID, DATA_ID)
# Number of frames: 48
1 1 0.97639279269199575 -0.21532478683945402 -0.014518759024839348 -0.0090308464746008312 -0.13477777132637972 -6.1838592300835638 -4.2117121103297803 1 CAMERA 1 1
2 1 0.98581383161993319 -0.16708122370686398 -0.012194669335703241 -0.010307478413076658 -0.31730585114524607 -4.8098258086279086 -5.1398924800800003 1 CAMERA 1 2
3 1 0.97661569791498493 -0.21447370561563039 -0.012780422538492837 -0.0077116136615169237 -0.0097626475445799776 -6.1720107010646199 -4.1814469886850425 1 CAMERA 1 3
4 1 0.9768361383673968 -0.21353432865015462 -0.012213558834778458 -0.006714033660134954 0.060076388181307387 -6.1695482645005884 -4.1610370499508509 1 CAMERA 1 4
5 1 0.9792418304641054 -0.20198795611955475 -0.013518140766732883 -0.010176586960460705 -0.18491483159275895 -5.8038543983775313 -4.6210642316104789 1 CAMERA 1 5
6 1 0.97668662264506689 -0.2141407155630202 -0.012801474680560051 -0.0079446416113932126 -0.12656457963872944 -6.1265085930934893 -4.1712382280127605 1 CAMERA 1 6
7 1 0.98965274063395237 -0.14254211311024287 -0.014834635945983341 -0.0070094594744472835 -0.25064557425310119 -3.4014431623758266 -4.9594074290837096 1 CAMERA 1 7
8 1 0.97646382348330774 -0.21519021401702762 -0.012859024913959816 -0.0067984334907260279 0.11075679992086811 -6.1775017336493576 -4.1340195478752086 1 CAMERA 1 8
9 1 0.99839677952245121 -0.053238654073500299 0.0027747233390658186 -0.019021494737055406 -0.13838463800172884 1.0900460173242152 -1.684583283231065 1 CAMERA 1 9
10 1 0.99795385832097527 -0.06099398189121702 -0.018953777683402132 0.0029300421261673694 -0.40069559655869441 -0.048683476050666828 -3.7735633949089848 1 CAMERA 1 10
11 1 0.9985345776388791 -0.052323849287240452 -0.012876607702516205 -0.0050104919306563434 -0.44317561405579065 0.93108961857610162 -2.4734749800341818 1 CAMERA 1 11
12 1 0.99241890962037482 -0.12265129875557537 -0.00777558564940723 0.000952370351097372 -0.29624370679613776 -2.379115410342493 -4.6956752062947551 1 CAMERA 1 12
13 1 0.99610096154412808 -0.086954794284144543 -0.0098344780410920905 -0.011181288097749639 0.021818279138747936 1.2685637475523108 -0.37157191990954108 1 CAMERA 1 13
14 1 0.99677769224202817 -0.078956558805267835 -0.013929051520325926 0.0024648720110879876 -0.22444363736284056 -0.85356887545890126 -4.1873817297250335 1 CAMERA 1 14
15 1 0.99810701147007153 -0.057543165638984893 -0.021410247647949299 0.0035747780603003132 -0.48588430841161157 0.64367439505961854 -3.1583577847793425 1 CAMERA 1 15
16 1 0.99427584243691547 -0.10672720582428095 -0.004457601300827326 0.002232145592635969 -0.26524276210427439 -1.6766811022081545 -4.4619974139033891 1 CAMERA 1 16
17 1 0.99576202347054121 -0.090222535854360034 -0.013987201417120907 -0.011056438593824281 -0.020112157892235884 1.2854087886195975 0.32157017894585882 1 CAMERA 1 17
18 1 0.99484081141797209 -0.10094571274418374 -0.0087596478399633044 -0.0049991584811292589 -0.050474406007216956 1.2854944764884297 0.96079622157475886 1 CAMERA 1 18
19 1 0.99503936400480508 -0.098209145693551034 -0.012834701662460979 -0.0093219212768438035 -0.047410931918017762 1.3056607471485933 0.70690642658768277 1 CAMERA 1 19
20 1 0.99457563281589434 -0.1033198332032171 -0.011815576513240273 0.0021713653268419491 -0.076391913641861264 1.3096741066771636 1.0823580551039216 1 CAMERA 1 20
21 1 0.99366697916844515 -0.11028109182098091 -0.021455278011183816 0.0019199850239736312 -0.15777290811800954 1.1975010983297583 1.1730033770309567 1 CAMERA 1 21
22 1 0.99396180266222112 -0.10812997916510272 -0.018535233219245887 0.0020706481425825022 -0.10980112302497043 1.2083128463982236 1.1399485406734917 1 CAMERA 1 22
23 1 0.99325203096286385 -0.11303138257141712 -0.02587656162731683 0.0021709676386404866 -0.13313036279007584 1.1622256951306993 1.3015477858082973 1 CAMERA 1 23
24 1 0.99419114908161976 -0.1064576533852099 -0.015698715365667935 0.0020682019608579045 -0.09444860174044642 1.2619632532614022 1.1227580761445561 1 CAMERA 1 24
25 1 0.99339034171674412 -0.11232659739573385 -0.023560224745931745 0.0018111629712880095 -0.19694208472005043 1.155828489417239 1.1420478961356213 1 CAMERA 1 25
26 1 0.99378092623228964 -0.10814423003661623 -0.026179630825431167 0.0043500685654381385 -0.071917475706647818 1.0649623303540501 1.4032721797285674 1 CAMERA 1 26
27 1 0.9945406532633958 -0.10056948212262137 -0.027291111692683521 0.0054647501848848323 0.053314351310168893 1.3624428975857708 1.5740916176556663 1 CAMERA 1 27
28 1 0.99479159659266481 -0.099172786093169416 -0.023043013838003289 0.0048432799214044395 0.11868096778833294 0.91185300018140947 1.729512233438204 1 CAMERA 1 28
29 1 0.99547958576772522 -0.091241716840623197 -0.026181164088142216 0.003144848912710612 0.080392615211586083 0.66196987655356287 1.8827311443508545 1 CAMERA 1 29
30 1 0.99491995652360532 -0.098371166119290435 -0.021042716437924214 0.003820716204026573 0.44720215470615143 1.8500784269309385 2.1644435810978226 1 CAMERA 1 30
31 1 0.99684534166378203 -0.073170436477997577 -0.030647288804880796 0.0024891198739928201 0.089137865417999604 0.4834431353081064 1.9806534637941469 1 CAMERA 1 31
32 1 0.99631699066501644 -0.080125172716701235 -0.030446125313536021 0.002333294391420005 0.09749516606035688 0.55565607415929275 1.9741932966611304 1 CAMERA 1 32
33 1 0.99666316033701041 -0.073570978090772579 -0.035280868390362652 0.0022619317920022568 0.099019517224381154 0.44439128875901585 2.0281013561044365 1 CAMERA 1 33
34 1 0.99691520351804064 -0.067310580926503827 -0.039749901747070084 -0.0070219656093183673 -0.046452427378723335 0.31868022026084908 2.0772886719107637 1 CAMERA 1 34
35 1 0.99703791215775794 -0.064209926812081805 -0.041024698047815299 -0.010462369185404318 -0.032356168370118683 0.29989984269318387 2.1531305655348314 1 CAMERA 1 35
36 1 0.99694761157321465 -0.065275658951007842 -0.041557327468943139 -0.010369988457733927 -0.054714699291820067 0.27767533763148433 2.211930373586751 1 CAMERA 1 36
37 1 0.99670448499669817 -0.068568115852322711 -0.042128472611401263 -0.010186995207598247 -0.040478087005284935 0.32360535143833091 2.2904745380211353 1 CAMERA 1 37
38 1 0.99653734729110421 -0.070377208266974328 -0.043083945899561056 -0.010204783989866215 -0.033598691877889823 0.30251513323524115 2.2681287517295061 1 CAMERA 1 38
39 1 0.99644632223933094 -0.071746539739632798 -0.043054622296274145 -0.0096674934717278869 -0.051648482316956457 0.30576910272072599 2.2553022692061204 1 CAMERA 1 39
40 1 0.99636437171960179 -0.073207492008104363 -0.042518375550828276 -0.009533604890363272 -0.084760144041670843 0.29673654561095325 2.2810522095557353 1 CAMERA 1 40
41 1 0.99621446486432153 -0.075169966914796549 -0.04266416113744894 -0.0092728325532075127 -0.044995510458980224 0.065246103977543074 2.205891523245489 1 CAMERA 1 41
42 1 0.99633786745729835 -0.07347854749232606 -0.042780034494292657 -0.0090346874726283163 -0.006976128070656013 0.38531707553681438 2.2042418907556494 1 CAMERA 1 42
43 1 0.99656596370303074 -0.069801731482616286 -0.043852444477154216 -0.0078077771520923206 0.34577598161502909 1.0364541846976729 2.5205285545045548 1 CAMERA 1 43
44 1 0.99629060116895518 -0.074953310318980462 -0.04191052702165942 -0.0055269358052534396 -0.058437670136285681 0.29047695007523083 2.0998727896143263 1 CAMERA 1 44
45 1 0.99644057946585962 -0.072581684236523891 -0.04277790903371459 -0.0028497729444233334 -0.0080416304466585514 0.29545094810412581 1.9909774052740952 1 CAMERA 1 45
46 1 0.99662860105676665 -0.070018522914302758 -0.042761492228243193 0.00054109790736850264 -0.013777032903076806 0.29519119594758758 1.8839078382550711 1 CAMERA 1 46
47 1 0.99655379163972058 -0.071337794777244917 -0.042315320822985725 -0.00093435992206087519 -0.0099965454689649701 0.28668578071108475 1.9092298589201822 1 CAMERA 1 47
48 1 0.99661145641111237 -0.070117014161393376 -0.042914806104204166 0.0027438462513986353 0.019242015468071996 0.2740246911242058 1.8238809804520204 1 CAMERA 1 48
