# Frame list with one line of data per frame:
#   FRAME_ID, RIG_ID, RIG_FROM_WORLD[QW, QX, QY, QZ, TX, TY, TZ], NUM_DATA_IDS, DATA_IDS[] as (SENSOR_TYPE, SENSOR_ID, DATA_ID)
# Number of frames: 48
1 1 0.92387098711976057 -0.18015951269661107 0.27286980373362774 0.19886432398409309 -0.64278375076223648 -3.6557078231466713 2.4381772765887573 1 CAMERA 1 1
2 1 0.90773748949009891 -0.24995653416163541 0.28785028167096161 0.1751473566630789 -0.56165675110609425 -4.5774675114181154 2.6974497900018899 1 CAMERA 1 2
3 1 0.91383852571094926 -0.22217353317334818 0.28206145792759324 0.18968237671294205 -0.61218220715637839 -4.1852056329671017 2.4819185483666026 1 CAMERA 1 3
4 1 0.93361870996049789 -0.12854688121942182 0.26568813578704253 0.20308032460694347 -0.78138740494729286 -3.1415884133600414 2.4539033425671786 1 CAMERA 1 4
5 1 0.9346148640555938 -0.078067845246120759 0.27075485029285673 0.21700755394194129 -0.88021718162710283 -2.870549604704006 2.4319855117155336 1 CAMERA 1 5
6 1 0.85665150532854362 0.0031137340069994825 0.33562282011038358 0.39178543324124121 -1.2232356439686856 -2.5249186846820462 2.5508407069995296 1 CAMERA 1 6
7 1 0.8845199160692031 -0.0045037776550058669 0.32344697264293837 0.33613433319415992 -0.77035630032478597 -2.6265948212778278 2.8029413793337077 1 CAMERA 1 7
8 1 0.91164028866212932 -0.017683050510917009 0.30072647009466397 0.27957625792806673 -0.82075105827649208 -2.662614233490209 2.7346013083236671 1 CAMERA 1 8
9 1 0.79867718477837302 0.012072742688693541 0.37631704350301309 0.4694193074082238 -0.99535582893053087 -2.8281659668001615 2.8378414211455434 1 CAMERA 1 9
10 1 0.82988188490272474 0.0071353301805580083 0.35309256733067579 0.43193840193868799 -1.1177537042945744 -2.6506574598966859 2.6081037143054613 1 CAMERA 1 10
11 1 0.68890392634263498 0.018404316433558224 0.44281729428475369 0.5735725806632016 -0.87218669671473037 -2.8517420395453423 2.8322528070615429 1 CAMERA 1 11
12 1 0.60673492310657995 0.02068026046054262 0.4737659367361951 0.63795838194870702 -0.96828716068147691 -2.8626023027319261 2.6331688412472372 1 CAMERA 1 12
13 1 0.75593498003940773 0.017370360987715574 0.40376008956919252 0.51501297710160132 -1.4384127535941631 -2.9212575391349684 2.8416140385277804 1 CAMERA 1 13
14 1 0.22497911435971443 0.015830608404346913 0.56181531270535501 0.79592546406636033 0.020461616018187381 -3.5992256981106885 3.0197623789547481 1 CAMERA 1 14
15 1 0.5073624094599043 0.014755940351614125 0.50735372996200345 0.69638914436184485 -0.77180264549471378 -3.1297578135917936 2.7566297475837458 1 CAMERA 1 15
16 1 0.39512551670583029 0.017530522954205031 0.53609137925195693 0.74577110423013659 -0.5262767790086289 -3.3158266370019795 3.018832724183194 1 CAMERA 1 16
17 1 0.046640516733207342 0.0049880100349744497 0.5566316978996102 0.82943410518747507 0.46056554988150683 -3.391670684932186 2.6073346472370007 1 CAMERA 1 17
18 1 -0.077580537749033063 -0.011974126945223703 0.53533944408707113 0.8409813077893088 0.28003687039560182 -3.0842193262835846 2.3764628278534876 1 CAMERA 1 18
19 1 0.12660263800838564 0.013209696576074592 0.56310253240891861 0.81652483976934132 0.37139743723571367 -3.4987788868761394 2.809253954633733 1 CAMERA 1 19
20 1 -0.13702020976939047 -0.012467773842617727 0.52779105499194645 0.83815667926745641 0.27252592760732136 -3.0876347482247635 2.3491609310939134 1 CAMERA 1 20
21 1 -0.016400188407525315 -0.0054417425097114131 0.54575829354589478 0.83776446945697625 0.55815946984809517 -3.2635094217794416 2.5327145888221549 1 CAMERA 1 21
22 1 -0.19139841439054389 -0.01262229060594634 0.52211213269753598 0.83102722316340227 0.055838815168695287 -3.2525673067280851 2.3221687901551955 1 CAMERA 1 22
23 1 -0.24647281416007477 -0.0071017671294488572 0.51698633525821869 0.81971083068355832 0.44174620943404469 -3.341328312311528 2.4050192522339744 1 CAMERA 1 23
24 1 -0.4017183075402172 0.013186847363891675 0.49542956344103339 0.77006367016776744 0.3825066053878392 -3.3112565890376779 2.3936748437470201 1 CAMERA 1 24
25 1 -0.30634374917843071 0.0017539808518070234 0.51070721848657452 0.80332345159106411 0.1087220263934668 -3.3228610836982031 2.3460123114224323 1 CAMERA 1 25
26 1 -0.46734193204324492 0.013657784398895085 0.48065278883672491 0.7418745716513534 0.19942038390245725 -3.3679816028853402 2.4036994797032452 1 CAMERA 1 26
27 1 0.53208734587703277 -0.010425027018002901 -0.46248913781496243 -0.70913903613634299 0.62876330988712537 -3.2651645609073117 2.3613591017033699 1 CAMERA 1 27
28 1 0.59252390845065916 -0.0074440432936870504 -0.44456499565226143 -0.67173057751936627 0.44406442279554625 -3.1925456655985687 2.3242287340320913 1 CAMERA 1 28
29 1 0.6468742067603539 -0.0052976908945831184 -0.42458233380862098 -0.63344734344456233 0.97410242084689314 -3.2365339428184661 2.3844563911218879 1 CAMERA 1 29
30 1 0.7059075599920176 -0.010299143890869928 -0.39218366349316891 -0.58972910600572204 0.85694663310714358 -3.0939940883349384 2.2046199871724763 1 CAMERA 1 30
31 1 0.82423981180325057 -0.018132321276756305 -0.31021452232542962 -0.47335705519413596 1.3285278828031841 -2.8860207884043567 2.1387708482584822 1 CAMERA 1 31
32 1 0.76233436897183038 -0.013200262752474493 -0.36023731305632267 -0.53749524763438417 1.1655408563080376 -3.0035644148924741 2.2329408383946374 1 CAMERA 1 32
33 1 0.8751435427322074 -0.019435794326183291 -0.26772992071982699 -0.4025751098421097 1.3410318819410985 -2.8412076610937684 2.1411231784373621 1 CAMERA 1 33
34 1 0.93581269114876797 -0.021861088824503699 -0.19664259038340504 -0.29173342545483583 1.2954290320106503 -2.7522291871810665 2.0923307610715267 1 CAMERA 1 34
35 1 0.9603474775769566 -0.018151644672922893 -0.16353480030705753 -0.22507689618389481 1.7018032087649608 -2.7187704184576806 2.0888078592122357 1 CAMERA 1 35
36 1 0.9867383768281861 -0.00039337446465260729 -0.10411699230769161 -0.1245265950060773 1.4398294764394837 -2.5150005793490577 1.5915577235904701 1 CAMERA 1 36
37 1 0.97799101686810486 -0.0082376823100608256 -0.12625668042527854 -0.16590648620062404 1.626889481602402 -2.6187196041234362 1.8137730808797368 1 CAMERA 1 37
38 1 0.99135713523662516 0.0059084944795636356 -0.090042186315226883 -0.09522880232361923 1.5960726821576718 -2.4979415159472875 1.6819567563667392 1 CAMERA 1 38
39 1 0.99794110001980885 0.014976931398831076 -0.047475174901251589 -0.040439586857734043 1.2973105336493425 -2.3996707596065696 1.4428343306114879 1 CAMERA 1 39
40 1 0.99500944975230976 0.0095806745911171751 -0.068762546187522144 -0.07166671347141515 1.4448466430969371 -2.3955979057841006 1.54229436809679 1 CAMERA 1 40
41 1 0.99042186279950994 -0.002919178836552835 0.073342242963730667 0.11694839665732086 0.79711837974103117 -2.244293938874756 1.2655571842154334 1 CAMERA 1 41
42 1 0.99965834759679439 0.012387614677769115 -0.022212422911074128 -0.0060285446885091241 1.3549461329540828 -2.4279261751748851 1.469823178715266 1 CAMERA 1 42
43 1 0.99954534406175721 0.01004490775939333 0.0020355144635016706 0.028355981263881929 1.0938935824677818 -2.3627543105110429 1.3728878022155639 1 CAMERA 1 43
44 1 0.99780663173720263 0.0059061595047090586 0.024820834485507343 0.061081659412680206 0.88031682099067332 -2.2948988063604299 1.3227051141620922 1 CAMERA 1 44
45 1 0.98310075951970344 -0.0096551832884473159 0.096644343447018624 0.15517585168815196 0.4443150373743619 -2.325222413538008 1.3708755651039746 1 CAMERA 1 45
46 1 0.96580028831398301 -0.016403941378432225 0.1392002493171067 0.21813758133328559 0.23200919817970664 -2.3338462426518487 1.5501603732230373 1 CAMERA 1 46
47 1 0.95880339725832942 -0.016220831898326332 0.15428033750333192 0.23797165267794052 0.1230961892985511 -2.3241205099963445 1.5319140198951335 1 CAMERA 1 47
48 1 0.9749869590239828 -0.013962108661529254 0.11382810488030227 0.19039078705191917 0.44203192299284144 -2.3200515103934896 1.4832909990303729 1 CAMERA 1 48
